84 , 586 , -30 , 60
92 , 592 , -30 , 60
110 , 603 , -30 , 60
142 , 602 , -30 , 60
149 , 565 , -30 , 60
132 , 372 , -30 , 60
135 , 268 , 30 , 30
135 , 140 , 30 , 30
107 , 50 , 30 , 30
103 , 47 , 30 , 30
86 , 44 , 30 , 30
92 , 43 , 30 , 30
76 , 42 , 30 , 30
82 , 42 , 30 , 30
89 , 42 , 30 , 30
114 , 42 , 30 , 30
119 , 43 , 30 , 30
122 , 43 , 30 , 30
113 , 44 , 30 , 30
130 , 43 , 30 , 30
120 , 44 , 30 , 30
130 , 43 , 30 , 30
122 , 44 , 30 , 30
123 , 43 , 30 , 30
126 , 45 , 30 , 30
121 , 46 , 30 , 30
147 , 51 , 30 , 30
169 , 100 , 30 , 30
170 , 149 , 30 , 30
176 , 220 , 30 , 30
203 , 270 , 30 , 30
177 , 307 , 30 , 30
199 , 368 , -30 , 60
201 , 518 , -30 , 60
200 , 582 , -30 , 60
174 , 580 , -30 , 60
185 , 512 , -30 , 60
218 , 339 , 30 , 30
225 , 261 , 30 , 30
202 , 136 , 30 , 30
184 , 63 , 30 , 30
205 , 59 , 30 , 30
180 , 53 , 30 , 30
173 , 55 , 30 , 30
186 , 59 , 30 , 30
171 , 60 , 30 , 30
175 , 88 , 30 , 30
173 , 124 , 30 , 30
172 , 183 , 30 , 30
156 , 250 , 30 , 30
187 , 298 , 30 , 30
188 , 396 , -30 , 60
175 , 605 , -30 , 60
211 , 601 , -30 , 60
176 , 628 , -30 , 60
164 , 547 , -30 , 60
183 , 368 , -30 , 60
156 , 191 , 30 , 30
130 , 55 , 30 , 30
126 , 45 , 30 , 30
144 , 45 , 30 , 30
129 , 45 , 30 , 30
170 , 45 , 30 , 30
164 , 44 , 30 , 30
187 , 44 , 30 , 30
175 , 45 , 30 , 30
171 , 43 , 30 , 30
200 , 43 , 30 , 30
166 , 42 , 30 , 30
132 , 42 , 30 , 30
107 , 42 , 30 , 30
105 , 42 , 30 , 30
124 , 41 , 30 , 30
125 , 42 , 30 , 30
114 , 40 , 30 , 30
65 , 40 , 30 , 30
56 , 39 , 30 , 30
54 , 39 , 30 , 30
53 , 40 , 30 , 30
55 , 40 , 30 , 30
57 , 40 , 30 , 30
57 , 41 , 30 , 30
98 , 41 , 30 , 30
121 , 43 , 30 , 30
138 , 43 , 30 , 30
121 , 43 , 30 , 30
171 , 44 , 30 , 30
167 , 44 , 30 , 30
173 , 44 , 30 , 30
180 , 44 , 30 , 30
186 , 43 , 30 , 30
192 , 43 , 30 , 30
196 , 42 , 30 , 30
197 , 42 , 30 , 30
184 , 41 , 30 , 30
179 , 41 , 30 , 30
195 , 41 , 30 , 30
183 , 41 , 30 , 30
168 , 41 , 30 , 30
182 , 41 , 30 , 30
173 , 42 , 30 , 30
165 , 42 , 30 , 30
181 , 43 , 30 , 30
135 , 44 , 30 , 30
144 , 45 , 30 , 30
135 , 47 , 30 , 30
159 , 47 , 30 , 30
154 , 45 , 30 , 30
155 , 47 , 30 , 30
156 , 50 , 30 , 30
172 , 53 , 30 , 30
178 , 127 , 30 , 30
197 , 192 , 30 , 30
195 , 257 , 30 , 30
187 , 323 , 30 , 30
181 , 423 , -30 , 60
167 , 576 , -30 , 60
191 , 606 , -30 , 60
145 , 576 , -30 , 60
143 , 446 , -30 , 60
117 , 264 , 30 , 30
90 , 122 , 30 , 30
66 , 52 , 30 , 30
85 , 46 , 30 , 30
130 , 46 , 30 , 30
157 , 46 , 30 , 30
162 , 45 , 30 , 30
182 , 44 , 30 , 30
173 , 44 , 30 , 30
198 , 45 , 30 , 30
144 , 45 , 30 , 30
124 , 46 , 30 , 30
88 , 46 , 30 , 30
85 , 44 , 30 , 30
77 , 43 , 30 , 30
71 , 43 , 30 , 30
108 , 44 , 30 , 30
156 , 44 , 30 , 30
189 , 45 , 30 , 30
260 , 48 , 30 , 30
222 , 50 , 30 , 30
175 , 60 , 30 , 30
192 , 100 , 30 , 30
158 , 133 , 30 , 30
177 , 246 , 30 , 30
160 , 426 , -30 , 60
156 , 453 , -30 , 60
127 , 552 , -30 , 60
133 , 549 , -30 , 60
111 , 292 , 30 , 30
117 , 179 , 30 , 30
84 , 56 , 30 , 30
89 , 46 , 30 , 30
118 , 46 , 30 , 30
96 , 43 , 30 , 30
98 , 44 , 30 , 30
130 , 44 , 30 , 30
131 , 45 , 30 , 30
137 , 45 , 30 , 30
170 , 64 , 30 , 30
102 , 46 , 30 , 30
166 , 46 , 30 , 30
173 , 47 , 30 , 30
179 , 53 , 30 , 30
112 , 88 , 30 , 30
258 , 176 , 30 , 30
116 , 256 , 30 , 30
145 , 264 , 30 , 30
84 , 224 , 30 , 30
127 , 308 , 30 , 30
154 , 401 , -30 , 60
115 , 476 , -30 , 60
134 , 517 , -30 , 60
163 , 351 , -30 , 60
212 , 312 , 30 , 30
255 , 106 , 30 , 30
200 , 58 , 30 , 30
191 , 47 , 30 , 30
169 , 197 , 30 , 30
156 , 191 , 30 , 30
152 , 40 , 30 , 30
235 , 46 , 30 , 30
226 , 44 , 30 , 30
229 , 44 , 30 , 30
237 , 44 , 30 , 30
264 , 42 , 30 , 30
261 , 42 , 30 , 30
228 , 42 , 30 , 30
311 , 44 , 30 , 30
340 , 43 , 30 , 30
373 , 47 , 60 , -30
433 , 44 , 60 , -30
503 , 44 , 60 , -30
489 , 43 , 60 , -30
490 , 43 , 60 , -30
452 , 43 , 60 , -30
425 , 44 , 60 , -30
412 , 45 , 60 , -30
388 , 45 , 60 , -30
256 , 44 , 30 , 30
229 , 42 , 30 , 30
191 , 42 , 30 , 30
195 , 43 , 30 , 30
179 , 44 , 30 , 30
169 , 45 , 30 , 30
164 , 46 , 30 , 30
153 , 46 , 30 , 30
170 , 45 , 30 , 30
172 , 44 , 30 , 30
176 , 43 , 30 , 30
180 , 42 , 30 , 30
142 , 43 , 30 , 30
140 , 42 , 30 , 30
110 , 43 , 30 , 30
123 , 44 , 30 , 30
145 , 45 , 30 , 30
152 , 44 , 30 , 30
149 , 44 , 30 , 30
169 , 44 , 30 , 30
171 , 42 , 30 , 30
183 , 44 , 30 , 30
149 , 43 , 30 , 30
103 , 42 , 30 , 30
125 , 42 , 30 , 30
157 , 42 , 30 , 30
162 , 43 , 30 , 30
119 , 44 , 30 , 30
111 , 44 , 30 , 30
116 , 43 , 30 , 30
131 , 41 , 30 , 30
135 , 42 , 30 , 30
151 , 42 , 30 , 30
167 , 43 , 30 , 30
168 , 43 , 30 , 30
222 , 43 , 30 , 30
208 , 43 , 30 , 30
210 , 44 , 30 , 30
190 , 43 , 30 , 30
213 , 42 , 30 , 30
146 , 42 , 30 , 30
143 , 42 , 30 , 30
145 , 45 , 30 , 30
127 , 43 , 30 , 30
136 , 42 , 30 , 30
198 , 43 , 30 , 30
234 , 42 , 30 , 30
300 , 44 , 30 , 30
309 , 43 , 30 , 30
370 , 43 , 60 , -30
361 , 43 , 60 , -30
380 , 43 , 60 , -30
356 , 43 , 60 , -30
319 , 44 , 30 , 30
215 , 44 , 30 , 30
241 , 43 , 30 , 30
185 , 45 , 30 , 30
175 , 46 , 30 , 30
173 , 45 , 30 , 30
219 , 46 , 30 , 30
180 , 45 , 30 , 30
254 , 46 , 30 , 30
325 , 49 , 30 , 30
397 , 49 , 60 , -30
411 , 50 , 60 , -30
420 , 49 , 60 , -30
394 , 46 , 60 , -30
274 , 46 , 30 , 30
256 , 45 , 30 , 30
224 , 46 , 30 , 30
216 , 45 , 30 , 30
221 , 46 , 30 , 30
206 , 46 , 30 , 30
202 , 46 , 30 , 30
169 , 48 , 30 , 30
179 , 51 , 30 , 30
135 , 50 , 30 , 30
133 , 45 , 30 , 30
122 , 42 , 30 , 30
145 , 42 , 30 , 30
112 , 42 , 30 , 30
128 , 43 , 30 , 30
138 , 43 , 30 , 30
126 , 44 , 30 , 30
140 , 46 , 30 , 30
176 , 49 , 30 , 30
185 , 48 , 30 , 30
174 , 48 , 30 , 30
169 , 48 , 30 , 30
143 , 52 , 30 , 30
128 , 53 , 30 , 30
99 , 47 , 30 , 30
94 , 47 , 30 , 30
103 , 46 , 30 , 30
91 , 47 , 30 , 30
104 , 52 , 30 , 30
132 , 52 , 30 , 30
160 , 93 , 30 , 30
176 , 126 , 30 , 30
175 , 201 , 30 , 30
160 , 227 , 30 , 30
136 , 278 , 30 , 30
147 , 304 , 30 , 30
175 , 330 , 30 , 30
220 , 406 , -30 , 60
150 , 495 , -30 , 60
143 , 551 , -30 , 60
111 , 397 , -30 , 60
117 , 228 , 30 , 30
153 , 60 , 30 , 30
169 , 45 , 30 , 30
185 , 44 , 30 , 30
172 , 42 , 30 , 30
157 , 42 , 30 , 30
137 , 42 , 30 , 30
265 , 41 , 30 , 30
304 , 42 , 30 , 30
393 , 42 , 60 , -30
509 , 41 , 60 , -30
569 , 40 , 60 , -30
597 , 40 , 60 , -30
609 , 40 , 60 , -30
613 , 41 , 60 , -30
580 , 40 , 60 , -30
531 , 41 , 60 , -30
461 , 42 , 60 , -30
384 , 42 , 60 , -30
272 , 42 , 30 , 30
176 , 42 , 30 , 30
182 , 42 , 30 , 30
181 , 43 , 30 , 30
155 , 43 , 30 , 30
175 , 44 , 30 , 30
177 , 43 , 30 , 30
213 , 43 , 30 , 30
244 , 44 , 30 , 30
239 , 44 , 30 , 30
243 , 45 , 30 , 30
238 , 45 , 30 , 30
229 , 43 , 30 , 30
238 , 43 , 30 , 30
213 , 44 , 30 , 30
159 , 42 , 30 , 30
151 , 41 , 30 , 30
109 , 41 , 30 , 30
101 , 41 , 30 , 30
109 , 40 , 30 , 30
129 , 40 , 30 , 30
153 , 42 , 30 , 30
180 , 44 , 30 , 30
157 , 45 , 30 , 30
170 , 45 , 30 , 30
179 , 47 , 30 , 30
179 , 55 , 30 , 30
215 , 46 , 30 , 30
191 , 59 , 30 , 30
128 , 60 , 30 , 30
116 , 147 , 30 , 30
122 , 130 , 30 , 30
167 , 184 , 30 , 30
165 , 255 , 30 , 30
162 , 268 , 30 , 30
163 , 426 , -30 , 60
163 , 582 , -30 , 60
151 , 613 , -30 , 60
140 , 609 , -30 , 60
116 , 590 , -30 , 60
169 , 469 , -30 , 60
189 , 295 , 30 , 30
165 , 95 , 30 , 30
156 , 49 , 30 , 30
154 , 46 , 30 , 30
195 , 46 , 30 , 30
193 , 46 , 30 , 30
201 , 45 , 30 , 30
231 , 44 , 30 , 30
256 , 45 , 30 , 30
281 , 46 , 30 , 30
296 , 46 , 30 , 30
365 , 46 , 60 , -30
394 , 47 , 60 , -30
382 , 46 , 60 , -30
379 , 44 , 60 , -30
332 , 44 , 30 , 30
223 , 43 , 30 , 30
210 , 42 , 30 , 30
215 , 43 , 30 , 30
158 , 42 , 30 , 30
146 , 44 , 30 , 30
156 , 44 , 30 , 30
142 , 44 , 30 , 30
206 , 47 , 30 , 30
173 , 48 , 30 , 30
164 , 52 , 30 , 30
174 , 57 , 30 , 30
180 , 85 , 30 , 30
133 , 141 , 30 , 30
123 , 165 , 30 , 30
115 , 197 , 30 , 30
103 , 220 , 30 , 30
110 , 253 , 30 , 30
92 , 297 , 30 , 30
116 , 321 , 30 , 30
118 , 427 , -30 , 60
159 , 523 , -30 , 60
152 , 596 , -30 , 60
126 , 542 , -30 , 60
165 , 400 , -30 , 60
144 , 331 , 30 , 30
149 , 283 , 30 , 30
157 , 112 , 30 , 30
138 , 49 , 30 , 30
150 , 47 , 30 , 30
152 , 44 , 30 , 30
134 , 42 , 30 , 30
161 , 43 , 30 , 30
131 , 42 , 30 , 30
167 , 42 , 30 , 30
154 , 43 , 30 , 30
137 , 43 , 30 , 30
144 , 43 , 30 , 30
182 , 44 , 30 , 30
176 , 45 , 30 , 30
168 , 44 , 30 , 30
165 , 42 , 30 , 30
172 , 42 , 30 , 30
188 , 42 , 30 , 30
182 , 42 , 30 , 30
186 , 42 , 30 , 30
201 , 41 , 30 , 30
183 , 43 , 30 , 30
187 , 44 , 30 , 30
154 , 43 , 30 , 30
160 , 44 , 30 , 30
152 , 44 , 30 , 30
151 , 45 , 30 , 30
164 , 42 , 30 , 30
159 , 42 , 30 , 30
159 , 43 , 30 , 30
166 , 43 , 30 , 30
141 , 44 , 30 , 30
114 , 45 , 30 , 30
130 , 48 , 30 , 30
142 , 60 , 30 , 30
162 , 181 , 30 , 30
152 , 256 , 30 , 30
123 , 377 , -30 , 60
134 , 607 , -30 , 60
187 , 642 , -30 , 60
173 , 620 , -30 , 60
195 , 589 , -30 , 60
226 , 516 , -30 , 60
210 , 313 , 30 , 30
175 , 182 , 30 , 30
159 , 51 , 30 , 30
148 , 45 , 30 , 30
160 , 46 , 30 , 30
126 , 45 , 30 , 30
149 , 44 , 30 , 30
166 , 43 , 30 , 30
171 , 44 , 30 , 30
219 , 44 , 30 , 30
245 , 44 , 30 , 30
230 , 43 , 30 , 30
215 , 43 , 30 , 30
210 , 44 , 30 , 30
210 , 43 , 30 , 30
193 , 41 , 30 , 30
181 , 42 , 30 , 30
151 , 41 , 30 , 30
73 , 41 , 30 , 30
67 , 41 , 30 , 30
53 , 40 , 30 , 30
58 , 40 , 30 , 30
68 , 41 , 30 , 30
65 , 41 , 30 , 30
87 , 41 , 30 , 30
90 , 41 , 30 , 30
113 , 42 , 30 , 30
141 , 42 , 30 , 30
182 , 42 , 30 , 30
163 , 43 , 30 , 30
110 , 45 , 30 , 30
181 , 50 , 30 , 30
176 , 120 , 30 , 30
191 , 227 , 30 , 30
175 , 317 , 30 , 30
150 , 464 , -30 , 60
144 , 586 , -30 , 60
130 , 592 , -30 , 60
134 , 567 , -30 , 60
163 , 490 , -30 , 60
185 , 350 , -30 , 60
151 , 226 , 30 , 30
196 , 111 , 30 , 30
167 , 49 , 30 , 30
134 , 45 , 30 , 30
142 , 45 , 30 , 30
117 , 44 , 30 , 30
106 , 44 , 30 , 30
107 , 44 , 30 , 30
140 , 44 , 30 , 30
180 , 44 , 30 , 30
215 , 43 , 30 , 30
253 , 43 , 30 , 30
250 , 43 , 30 , 30
341 , 43 , 30 , 30
354 , 43 , 60 , -30
350 , 43 , 60 , -30
363 , 43 , 60 , -30
350 , 42 , 60 , -30
348 , 42 , 30 , 30
344 , 43 , 30 , 30
301 , 42 , 30 , 30
224 , 43 , 30 , 30
173 , 43 , 30 , 30
133 , 43 , 30 , 30
98 , 42 , 30 , 30
75 , 42 , 30 , 30
163 , 43 , 30 , 30
92 , 44 , 30 , 30
59 , 44 , 30 , 30
92 , 42 , 30 , 30
92 , 41 , 30 , 30
84 , 41 , 30 , 30
73 , 43 , 30 , 30
92 , 43 , 30 , 30
108 , 45 , 30 , 30
148 , 46 , 30 , 30
187 , 52 , 30 , 30
150 , 110 , 30 , 30
147 , 159 , 30 , 30
128 , 200 , 30 , 30
115 , 234 , 30 , 30
126 , 297 , 30 , 30
82 , 365 , -30 , 60
122 , 519 , -30 , 60
123 , 559 , -30 , 60
56 , 561 , -30 , 60
91 , 384 , -30 , 60
131 , 230 , 30 , 30
148 , 83 , 30 , 30
149 , 46 , 30 , 30
153 , 44 , 30 , 30
176 , 44 , 30 , 30
134 , 42 , 30 , 30
161 , 43 , 30 , 30
166 , 42 , 30 , 30
181 , 42 , 30 , 30
153 , 43 , 30 , 30
169 , 44 , 30 , 30
191 , 44 , 30 , 30
182 , 44 , 30 , 30
189 , 44 , 30 , 30
192 , 45 , 30 , 30
192 , 45 , 30 , 30
192 , 45 , 30 , 30
160 , 43 , 30 , 30
184 , 43 , 30 , 30
203 , 42 , 30 , 30
217 , 42 , 30 , 30
222 , 43 , 30 , 30
220 , 42 , 30 , 30
205 , 42 , 30 , 30
179 , 42 , 30 , 30
144 , 41 , 30 , 30
159 , 42 , 30 , 30
138 , 41 , 30 , 30
171 , 41 , 30 , 30
168 , 42 , 30 , 30
168 , 44 , 30 , 30
321 , 45 , 30 , 30
172 , 46 , 30 , 30
183 , 48 , 30 , 30
227 , 53 , 30 , 30
240 , 56 , 30 , 30
225 , 77 , 30 , 30
232 , 138 , 30 , 30
263 , 249 , 30 , 30
235 , 301 , 30 , 30
211 , 337 , 30 , 30
206 , 362 , -30 , 60
215 , 399 , -30 , 60
217 , 358 , -30 , 60
173 , 301 , 30 , 30
137 , 148 , 30 , 30
158 , 99 , 30 , 30
159 , 56 , 30 , 30
172 , 47 , 30 , 30
170 , 50 , 30 , 30
192 , 49 , 30 , 30
208 , 47 , 30 , 30
241 , 47 , 30 , 30
232 , 47 , 30 , 30
224 , 49 , 30 , 30
207 , 50 , 30 , 30
192 , 51 , 30 , 30
156 , 55 , 30 , 30
163 , 60 , 30 , 30
139 , 55 , 30 , 30
126 , 100 , 30 , 30
159 , 180 , 30 , 30
136 , 198 , 30 , 30
142 , 263 , 30 , 30
102 , 296 , 30 , 30
99 , 358 , -30 , 60
111 , 451 , -30 , 60
129 , 548 , -30 , 60
161 , 508 , -30 , 60
186 , 385 , -30 , 60
206 , 273 , 30 , 30
227 , 141 , 30 , 30
202 , 52 , 30 , 30
198 , 48 , 30 , 30
170 , 46 , 30 , 30
190 , 45 , 30 , 30
162 , 44 , 30 , 30
169 , 43 , 30 , 30
178 , 43 , 30 , 30
193 , 44 , 30 , 30
212 , 47 , 30 , 30
211 , 46 , 30 , 30
281 , 50 , 30 , 30
256 , 46 , 30 , 30
217 , 46 , 30 , 30
255 , 48 , 30 , 30
208 , 48 , 30 , 30
206 , 46 , 30 , 30
224 , 47 , 30 , 30
208 , 49 , 30 , 30
180 , 47 , 30 , 30
161 , 47 , 30 , 30
135 , 48 , 30 , 30
164 , 52 , 30 , 30
128 , 55 , 30 , 30
149 , 52 , 30 , 30
138 , 66 , 30 , 30
154 , 87 , 30 , 30
183 , 125 , 30 , 30
188 , 125 , 30 , 30
216 , 59 , 30 , 30
200 , 187 , 30 , 30
222 , 253 , 30 , 30
213 , 252 , 30 , 30
185 , 269 , 30 , 30
186 , 210 , 30 , 30
185 , 180 , 30 , 30
167 , 168 , 30 , 30
159 , 147 , 30 , 30
167 , 102 , 30 , 30
172 , 180 , 30 , 30
128 , 124 , 30 , 30
114 , 61 , 30 , 30
134 , 51 , 30 , 30
146 , 61 , 30 , 30
152 , 49 , 30 , 30
120 , 48 , 30 , 30
147 , 47 , 30 , 30
221 , 47 , 30 , 30
209 , 47 , 30 , 30
210 , 44 , 30 , 30
203 , 44 , 30 , 30
184 , 43 , 30 , 30
240 , 44 , 30 , 30
239 , 44 , 30 , 30
327 , 43 , 30 , 30
384 , 44 , 60 , -30
396 , 45 , 60 , -30
402 , 43 , 60 , -30
407 , 44 , 60 , -30
371 , 43 , 60 , -30
320 , 44 , 30 , 30
201 , 44 , 30 , 30
196 , 43 , 30 , 30
190 , 43 , 30 , 30
154 , 44 , 30 , 30
126 , 43 , 30 , 30
99 , 42 , 30 , 30
97 , 42 , 30 , 30
106 , 41 , 30 , 30
149 , 42 , 30 , 30
171 , 41 , 30 , 30
148 , 41 , 30 , 30
154 , 41 , 30 , 30
192 , 42 , 30 , 30
213 , 42 , 30 , 30
192 , 42 , 30 , 30
220 , 43 , 30 , 30
233 , 43 , 30 , 30
224 , 43 , 30 , 30
280 , 43 , 30 , 30
337 , 44 , 30 , 30
371 , 43 , 60 , -30
406 , 44 , 60 , -30
405 , 44 , 60 , -30
374 , 43 , 60 , -30
370 , 43 , 60 , -30
306 , 44 , 30 , 30
142 , 43 , 30 , 30
195 , 43 , 30 , 30
152 , 43 , 30 , 30
148 , 42 , 30 , 30
155 , 43 , 30 , 30
218 , 42 , 30 , 30
195 , 41 , 30 , 30
188 , 42 , 30 , 30
178 , 41 , 30 , 30
168 , 42 , 30 , 30
176 , 42 , 30 , 30
189 , 43 , 30 , 30
140 , 44 , 30 , 30
168 , 43 , 30 , 30
165 , 43 , 30 , 30
183 , 42 , 30 , 30
224 , 44 , 30 , 30
285 , 44 , 30 , 30
346 , 42 , 30 , 30
356 , 41 , 60 , -30
380 , 43 , 60 , -30
424 , 45 , 60 , -30
435 , 43 , 60 , -30
392 , 41 , 60 , -30
341 , 39 , 30 , 30
299 , 42 , 30 , 30
117 , 42 , 30 , 30
146 , 43 , 30 , 30
163 , 42 , 30 , 30
172 , 42 , 30 , 30
183 , 41 , 30 , 30
201 , 42 , 30 , 30
191 , 43 , 30 , 30
174 , 44 , 30 , 30
162 , 45 , 30 , 30
142 , 43 , 30 , 30
139 , 42 , 30 , 30
132 , 42 , 30 , 30
152 , 42 , 30 , 30
167 , 41 , 30 , 30
286 , 41 , 30 , 30
342 , 41 , 30 , 30
355 , 40 , 60 , -30
386 , 41 , 60 , -30
429 , 41 , 60 , -30
424 , 42 , 60 , -30
409 , 43 , 60 , -30
396 , 43 , 60 , -30
370 , 43 , 60 , -30
419 , 44 , 60 , -30
350 , 46 , 60 , -30
291 , 43 , 30 , 30
213 , 43 , 30 , 30
205 , 41 , 30 , 30
198 , 43 , 30 , 30
196 , 47 , 30 , 30
224 , 45 , 30 , 30
202 , 46 , 30 , 30
281 , 45 , 30 , 30
368 , 46 , 60 , -30
419 , 45 , 60 , -30
500 , 43 , 60 , -30
465 , 42 , 60 , -30
504 , 43 , 60 , -30
542 , 45 , 60 , -30
543 , 43 , 60 , -30
533 , 42 , 60 , -30
516 , 42 , 60 , -30
484 , 42 , 60 , -30
427 , 42 , 60 , -30
388 , 41 , 60 , -30
519 , 42 , 60 , -30
402 , 43 , 60 , -30
295 , 44 , 30 , 30
230 , 44 , 30 , 30
171 , 47 , 30 , 30
183 , 49 , 30 , 30
203 , 52 , 30 , 30
234 , 47 , 30 , 30
197 , 48 , 30 , 30
402 , 48 , 60 , -30
503 , 50 , 60 , -30
590 , 51 , 60 , -30
661 , 46 , 60 , -30
699 , 48 , 60 , -30
691 , 51 , 60 , -30
689 , 47 , 60 , -30
692 , 43 , 60 , -30
685 , 44 , 60 , -30
690 , 43 , 60 , -30
716 , 43 , 60 , -30
691 , 41 , 60 , -30
686 , 42 , 60 , -30
677 , 44 , 60 , -30
628 , 44 , 60 , -30
547 , 43 , 60 , -30
454 , 44 , 60 , -30
322 , 43 , 30 , 30
207 , 45 , 30 , 30
195 , 45 , 30 , 30
207 , 48 , 30 , 30
174 , 52 , 30 , 30
178 , 97 , 30 , 30
127 , 142 , 30 , 30
166 , 144 , 30 , 30
127 , 121 , 30 , 30
125 , 111 , 30 , 30
150 , 71 , 30 , 30
97 , 139 , 30 , 30
95 , 179 , 30 , 30
94 , 185 , 30 , 30
115 , 413 , -30 , 60
121 , 164 , 30 , 30
154 , 244 , 30 , 30
146 , 106 , 30 , 30
150 , 113 , 30 , 30
165 , 86 , 30 , 30
166 , 53 , 30 , 30
163 , 47 , 30 , 30
181 , 44 , 30 , 30
165 , 45 , 30 , 30
134 , 44 , 30 , 30
80 , 43 , 30 , 30
92 , 42 , 30 , 30
127 , 41 , 30 , 30
140 , 41 , 30 , 30
160 , 42 , 30 , 30
183 , 43 , 30 , 30
205 , 44 , 30 , 30
210 , 44 , 30 , 30
215 , 46 , 30 , 30
197 , 45 , 30 , 30
170 , 46 , 30 , 30
155 , 45 , 30 , 30
165 , 44 , 30 , 30
181 , 44 , 30 , 30
145 , 42 , 30 , 30
143 , 43 , 30 , 30
150 , 43 , 30 , 30
174 , 45 , 30 , 30
160 , 44 , 30 , 30
159 , 45 , 30 , 30
165 , 44 , 30 , 30
147 , 42 , 30 , 30
155 , 43 , 30 , 30
145 , 44 , 30 , 30
128 , 46 , 30 , 30
91 , 54 , 30 , 30
83 , 52 , 30 , 30
99 , 57 , 30 , 30
96 , 55 , 30 , 30
109 , 73 , 30 , 30
109 , 143 , 30 , 30
114 , 171 , 30 , 30
120 , 175 , 30 , 30
133 , 200 , 30 , 30
127 , 239 , 30 , 30
122 , 262 , 30 , 30
129 , 285 , 30 , 30
116 , 292 , 30 , 30
140 , 241 , 30 , 30
146 , 223 , 30 , 30
129 , 166 , 30 , 30
106 , 138 , 30 , 30
133 , 204 , 30 , 30
177 , 139 , 30 , 30
170 , 165 , 30 , 30
175 , 156 , 30 , 30
165 , 126 , 30 , 30
160 , 106 , 30 , 30
159 , 108 , 30 , 30
147 , 80 , 30 , 30
166 , 99 , 30 , 30
162 , 126 , 30 , 30
143 , 120 , 30 , 30
127 , 122 , 30 , 30
122 , 148 , 30 , 30
121 , 109 , 30 , 30
110 , 124 , 30 , 30
106 , 132 , 30 , 30
94 , 117 , 30 , 30
72 , 197 , 30 , 30
130 , 220 , 30 , 30
123 , 279 , 30 , 30
119 , 325 , 30 , 30
126 , 442 , -30 , 60
130 , 565 , -30 , 60
126 , 608 , -30 , 60
138 , 570 , -30 , 60
137 , 325 , 30 , 30
151 , 199 , 30 , 30
107 , 100 , 30 , 30
109 , 51 , 30 , 30
112 , 45 , 30 , 30
144 , 43 , 30 , 30
99 , 42 , 30 , 30
100 , 41 , 30 , 30
110 , 41 , 30 , 30
92 , 42 , 30 , 30
117 , 42 , 30 , 30
142 , 44 , 30 , 30
141 , 43 , 30 , 30
145 , 42 , 30 , 30
135 , 44 , 30 , 30
149 , 45 , 30 , 30
132 , 44 , 30 , 30
151 , 45 , 30 , 30
144 , 46 , 30 , 30
162 , 48 , 30 , 30
151 , 49 , 30 , 30
170 , 48 , 30 , 30
193 , 49 , 30 , 30
196 , 53 , 30 , 30
203 , 54 , 30 , 30
197 , 52 , 30 , 30
166 , 60 , 30 , 30
154 , 55 , 30 , 30
147 , 53 , 30 , 30
158 , 111 , 30 , 30
162 , 152 , 30 , 30
170 , 238 , 30 , 30
120 , 302 , 30 , 30
218 , 459 , -30 , 60
168 , 564 , -30 , 60
177 , 853 , -30 , 60
181 , 585 , -30 , 60
199 , 601 , -30 , 60
191 , 621 , -30 , 60
186 , 618 , -30 , 60
207 , 617 , -30 , 60
202 , 600 , -30 , 60
198 , 602 , -30 , 60
218 , 597 , -30 , 60
200 , 591 , -30 , 60
189 , 602 , -30 , 60
173 , 566 , -30 , 60
105 , 401 , -30 , 60
93 , 159 , 30 , 30
59 , 66 , 30 , 30
60 , 44 , 30 , 30
96 , 44 , 30 , 30
144 , 44 , 30 , 30
160 , 42 , 30 , 30
194 , 43 , 30 , 30
175 , 42 , 30 , 30
141 , 42 , 30 , 30
152 , 42 , 30 , 30
157 , 41 , 30 , 30
92 , 40 , 30 , 30
64 , 40 , 30 , 30
93 , 40 , 30 , 30
102 , 41 , 30 , 30
132 , 41 , 30 , 30
102 , 42 , 30 , 30
89 , 42 , 30 , 30
114 , 43 , 30 , 30
123 , 46 , 30 , 30
154 , 53 , 30 , 30
165 , 101 , 30 , 30
199 , 107 , 30 , 30
158 , 213 , 30 , 30
128 , 265 , 30 , 30
108 , 303 , 30 , 30
132 , 474 , -30 , 60
162 , 608 , -30 , 60
118 , 582 , -30 , 60
134 , 555 , -30 , 60
172 , 468 , -30 , 60
156 , 309 , 30 , 30
119 , 142 , 30 , 30
105 , 64 , 30 , 30
102 , 52 , 30 , 30
130 , 52 , 30 , 30
133 , 46 , 30 , 30
144 , 45 , 30 , 30
156 , 45 , 30 , 30
152 , 43 , 30 , 30
143 , 43 , 30 , 30
135 , 45 , 30 , 30
142 , 45 , 30 , 30
131 , 44 , 30 , 30
115 , 43 , 30 , 30
97 , 44 , 30 , 30
101 , 43 , 30 , 30
115 , 43 , 30 , 30
145 , 44 , 30 , 30
148 , 44 , 30 , 30
164 , 44 , 30 , 30
191 , 43 , 30 , 30
185 , 43 , 30 , 30
224 , 43 , 30 , 30
186 , 44 , 30 , 30
243 , 43 , 30 , 30
141 , 42 , 30 , 30
159 , 42 , 30 , 30
192 , 41 , 30 , 30
174 , 42 , 30 , 30
158 , 43 , 30 , 30
166 , 44 , 30 , 30
146 , 44 , 30 , 30
177 , 44 , 30 , 30
188 , 43 , 30 , 30
201 , 45 , 30 , 30
169 , 47 , 30 , 30
135 , 55 , 30 , 30
131 , 107 , 30 , 30
103 , 194 , 30 , 30
111 , 240 , 30 , 30
95 , 465 , -30 , 60
107 , 568 , -30 , 60
93 , 581 , -30 , 60
66 , 583 , -30 , 60
93 , 584 , -30 , 60
177 , 583 , -30 , 60
189 , 581 , -30 , 60
190 , 364 , -30 , 60
170 , 250 , 30 , 30
148 , 87 , 30 , 30
159 , 48 , 30 , 30
183 , 47 , 30 , 30
144 , 45 , 30 , 30
122 , 44 , 30 , 30
141 , 43 , 30 , 30
159 , 43 , 30 , 30
187 , 42 , 30 , 30
217 , 42 , 30 , 30
208 , 43 , 30 , 30
216 , 45 , 30 , 30
231 , 45 , 30 , 30
226 , 45 , 30 , 30
221 , 44 , 30 , 30
225 , 44 , 30 , 30
186 , 43 , 30 , 30
179 , 44 , 30 , 30
181 , 43 , 30 , 30
218 , 43 , 30 , 30
178 , 43 , 30 , 30
169 , 43 , 30 , 30
153 , 44 , 30 , 30
270 , 43 , 30 , 30
302 , 43 , 30 , 30
196 , 43 , 30 , 30
173 , 43 , 30 , 30
181 , 42 , 30 , 30
162 , 43 , 30 , 30
168 , 46 , 30 , 30
146 , 47 , 30 , 30
123 , 50 , 30 , 30
134 , 62 , 30 , 30
78 , 92 , 30 , 30
65 , 145 , 30 , 30
57 , 281 , 30 , 30
62 , 337 , 30 , 30
111 , 530 , -30 , 60
84 , 568 , -30 , 60
161 , 583 , -30 , 60
153 , 601 , -30 , 60
167 , 609 , -30 , 60
173 , 481 , -30 , 60
184 , 337 , 30 , 30
163 , 204 , 30 , 30
166 , 98 , 30 , 30
158 , 50 , 30 , 30
174 , 48 , 30 , 30
162 , 47 , 30 , 30
157 , 46 , 30 , 30
152 , 46 , 30 , 30
147 , 46 , 30 , 30
133 , 47 , 30 , 30
156 , 49 , 30 , 30
158 , 48 , 30 , 30
180 , 48 , 30 , 30
179 , 49 , 30 , 30
213 , 46 , 30 , 30
220 , 46 , 30 , 30
186 , 47 , 30 , 30
186 , 47 , 30 , 30
199 , 47 , 30 , 30
169 , 45 , 30 , 30
193 , 46 , 30 , 30
156 , 44 , 30 , 30
153 , 44 , 30 , 30
170 , 47 , 30 , 30
197 , 46 , 30 , 30
249 , 44 , 30 , 30
283 , 43 , 30 , 30
292 , 44 , 30 , 30
331 , 44 , 30 , 30
294 , 43 , 30 , 30
291 , 43 , 30 , 30
270 , 43 , 30 , 30
288 , 44 , 30 , 30
296 , 44 , 30 , 30
250 , 43 , 30 , 30
242 , 43 , 30 , 30
216 , 43 , 30 , 30
196 , 43 , 30 , 30
205 , 43 , 30 , 30
167 , 42 , 30 , 30
145 , 41 , 30 , 30
148 , 42 , 30 , 30
159 , 43 , 30 , 30
161 , 44 , 30 , 30
147 , 44 , 30 , 30
161 , 48 , 30 , 30
154 , 55 , 30 , 30
191 , 118 , 30 , 30
196 , 235 , 30 , 30
179 , 317 , 30 , 30
208 , 532 , -30 , 60
198 , 649 , -30 , 60
196 , 603 , -30 , 60
203 , 624 , -30 , 60
164 , 609 , -30 , 60
157 , 433 , -30 , 60
131 , 257 , 30 , 30
125 , 49 , 30 , 30
171 , 43 , 30 , 30
171 , 41 , 30 , 30
170 , 42 , 30 , 30
156 , 42 , 30 , 30
166 , 44 , 30 , 30
176 , 46 , 30 , 30
192 , 46 , 30 , 30
206 , 44 , 30 , 30
202 , 44 , 30 , 30
192 , 43 , 30 , 30
181 , 42 , 30 , 30
169 , 42 , 30 , 30
191 , 41 , 30 , 30
154 , 41 , 30 , 30
130 , 40 , 30 , 30
88 , 40 , 30 , 30
70 , 40 , 30 , 30
66 , 41 , 30 , 30
58 , 41 , 30 , 30
74 , 43 , 30 , 30
90 , 43 , 30 , 30
122 , 43 , 30 , 30
142 , 44 , 30 , 30
155 , 44 , 30 , 30
166 , 46 , 30 , 30
128 , 44 , 30 , 30
131 , 46 , 30 , 30
146 , 50 , 30 , 30
134 , 75 , 30 , 30
131 , 58 , 30 , 30
141 , 92 , 30 , 30
153 , 94 , 30 , 30
151 , 130 , 30 , 30
146 , 115 , 30 , 30
159 , 146 , 30 , 30
136 , 109 , 30 , 30
137 , 123 , 30 , 30
167 , 129 , 30 , 30
161 , 148 , 30 , 30
162 , 202 , 30 , 30
192 , 232 , 30 , 30
183 , 235 , 30 , 30
184 , 267 , 30 , 30
189 , 279 , 30 , 30
199 , 279 , 30 , 30
180 , 308 , 30 , 30
169 , 340 , 30 , 30
160 , 498 , -30 , 60
167 , 609 , -30 , 60
139 , 630 , -30 , 60
124 , 610 , -30 , 60
118 , 537 , -30 , 60
135 , 315 , 30 , 30
154 , 213 , 30 , 30
159 , 60 , 30 , 30
175 , 47 , 30 , 30
179 , 46 , 30 , 30
168 , 44 , 30 , 30
178 , 44 , 30 , 30
184 , 46 , 30 , 30
171 , 45 , 30 , 30
172 , 44 , 30 , 30
178 , 43 , 30 , 30
156 , 43 , 30 , 30
137 , 43 , 30 , 30
127 , 43 , 30 , 30
132 , 43 , 30 , 30
126 , 44 , 30 , 30
126 , 45 , 30 , 30
125 , 45 , 30 , 30
103 , 43 , 30 , 30
133 , 44 , 30 , 30
144 , 44 , 30 , 30
152 , 43 , 30 , 30
140 , 48 , 30 , 30
134 , 54 , 30 , 30
143 , 63 , 30 , 30
165 , 126 , 30 , 30
147 , 148 , 30 , 30
112 , 205 , 30 , 30
118 , 246 , 30 , 30
112 , 313 , 30 , 30
129 , 352 , -30 , 60
112 , 485 , -30 , 60
103 , 573 , -30 , 60
81 , 538 , -30 , 60
80 , 256 , 30 , 30
81 , 169 , 30 , 30
76 , 85 , 30 , 30
125 , 51 , 30 , 30
71 , 51 , 30 , 30
70 , 44 , 30 , 30
67 , 44 , 30 , 30
107 , 44 , 30 , 30
111 , 44 , 30 , 30
122 , 45 , 30 , 30
165 , 46 , 30 , 30
157 , 45 , 30 , 30
181 , 49 , 30 , 30
203 , 45 , 30 , 30
153 , 49 , 30 , 30
150 , 47 , 30 , 30
204 , 48 , 30 , 30
179 , 55 , 30 , 30
162 , 75 , 30 , 30
135 , 83 , 30 , 30
147 , 65 , 30 , 30
165 , 118 , 30 , 30
157 , 82 , 30 , 30
149 , 101 , 30 , 30
193 , 113 , 30 , 30
163 , 111 , 30 , 30
174 , 154 , 30 , 30
172 , 139 , 30 , 30
172 , 136 , 30 , 30
172 , 138 , 30 , 30
152 , 132 , 30 , 30
138 , 101 , 30 , 30
131 , 108 , 30 , 30
172 , 98 , 30 , 30
149 , 89 , 30 , 30
160 , 62 , 30 , 30
161 , 78 , 30 , 30
170 , 60 , 30 , 30
177 , 56 , 30 , 30
198 , 65 , 30 , 30
164 , 55 , 30 , 30
161 , 50 , 30 , 30
161 , 57 , 30 , 30
150 , 100 , 30 , 30
146 , 123 , 30 , 30
207 , 170 , 30 , 30
187 , 236 , 30 , 30
199 , 274 , 30 , 30
229 , 349 , 30 , 30
222 , 390 , -30 , 60
242 , 530 , -30 , 60
246 , 618 , -30 , 60
193 , 608 , -30 , 60
171 , 382 , -30 , 60
131 , 264 , 30 , 30
90 , 69 , 30 , 30
82 , 46 , 30 , 30
107 , 43 , 30 , 30
128 , 42 , 30 , 30
145 , 41 , 30 , 30
176 , 43 , 30 , 30
172 , 43 , 30 , 30
183 , 43 , 30 , 30
161 , 43 , 30 , 30
175 , 43 , 30 , 30
195 , 43 , 30 , 30
208 , 44 , 30 , 30
226 , 44 , 30 , 30
218 , 44 , 30 , 30
186 , 44 , 30 , 30
154 , 44 , 30 , 30
183 , 43 , 30 , 30
231 , 44 , 30 , 30
255 , 43 , 30 , 30
221 , 43 , 30 , 30
243 , 42 , 30 , 30
221 , 42 , 30 , 30
198 , 42 , 30 , 30
203 , 42 , 30 , 30
256 , 43 , 30 , 30
247 , 45 , 30 , 30
200 , 46 , 30 , 30
187 , 45 , 30 , 30
161 , 44 , 30 , 30
149 , 42 , 30 , 30
166 , 42 , 30 , 30
171 , 43 , 30 , 30
159 , 43 , 30 , 30
177 , 44 , 30 , 30
152 , 44 , 30 , 30
140 , 49 , 30 , 30
147 , 44 , 30 , 30
158 , 43 , 30 , 30
159 , 44 , 30 , 30
176 , 44 , 30 , 30
203 , 44 , 30 , 30
201 , 48 , 30 , 30
222 , 50 , 30 , 30
189 , 54 , 30 , 30
185 , 61 , 30 , 30
197 , 130 , 30 , 30
201 , 99 , 30 , 30
197 , 161 , 30 , 30
250 , 180 , 30 , 30
243 , 187 , 30 , 30
215 , 217 , 30 , 30
197 , 230 , 30 , 30
196 , 261 , 30 , 30
210 , 218 , 30 , 30
206 , 253 , 30 , 30
218 , 205 , 30 , 30
218 , 184 , 30 , 30
213 , 173 , 30 , 30
220 , 154 , 30 , 30
238 , 145 , 30 , 30
237 , 170 , 30 , 30
229 , 77 , 30 , 30
272 , 83 , 30 , 30
232 , 97 , 30 , 30
237 , 98 , 30 , 30
244 , 66 , 30 , 30
243 , 68 , 30 , 30
218 , 58 , 30 , 30
247 , 52 , 30 , 30
239 , 53 , 30 , 30
249 , 49 , 30 , 30
256 , 48 , 30 , 30
238 , 46 , 30 , 30
174 , 44 , 30 , 30
203 , 45 , 30 , 30
152 , 46 , 30 , 30
194 , 49 , 30 , 30
199 , 73 , 30 , 30
206 , 103 , 30 , 30
219 , 145 , 30 , 30
255 , 230 , 30 , 30
247 , 254 , 30 , 30
222 , 330 , 30 , 30
198 , 397 , -30 , 60
200 , 385 , -30 , 60
175 , 492 , -30 , 60
150 , 417 , -30 , 60
137 , 276 , 30 , 30
145 , 89 , 30 , 30
116 , 45 , 30 , 30
86 , 43 , 30 , 30
113 , 42 , 30 , 30
143 , 42 , 30 , 30
152 , 42 , 30 , 30
178 , 43 , 30 , 30
195 , 43 , 30 , 30
235 , 43 , 30 , 30
209 , 42 , 30 , 30
204 , 43 , 30 , 30
176 , 41 , 30 , 30
232 , 40 , 30 , 30
303 , 41 , 30 , 30
339 , 42 , 30 , 30
376 , 43 , 60 , -30
374 , 43 , 60 , -30
375 , 44 , 60 , -30
338 , 42 , 30 , 30
180 , 42 , 30 , 30
120 , 42 , 30 , 30
169 , 42 , 30 , 30
194 , 51 , 30 , 30
185 , 42 , 30 , 30
183 , 40 , 30 , 30
171 , 40 , 30 , 30
176 , 42 , 30 , 30
161 , 42 , 30 , 30
153 , 43 , 30 , 30
178 , 42 , 30 , 30
166 , 42 , 30 , 30
138 , 41 , 30 , 30
151 , 43 , 30 , 30
145 , 42 , 30 , 30
166 , 42 , 30 , 30
160 , 43 , 30 , 30
154 , 42 , 30 , 30
116 , 41 , 30 , 30
109 , 42 , 30 , 30
101 , 42 , 30 , 30
147 , 43 , 30 , 30
200 , 42 , 30 , 30
242 , 42 , 30 , 30
280 , 42 , 30 , 30
293 , 43 , 30 , 30
316 , 43 , 30 , 30
332 , 42 , 30 , 30
362 , 43 , 60 , -30
402 , 46 , 60 , -30
395 , 45 , 60 , -30
357 , 44 , 60 , -30
208 , 43 , 30 , 30
143 , 41 , 30 , 30
103 , 41 , 30 , 30
73 , 41 , 30 , 30
86 , 42 , 30 , 30
90 , 43 , 30 , 30
81 , 43 , 30 , 30
86 , 45 , 30 , 30
87 , 44 , 30 , 30
96 , 46 , 30 , 30
131 , 57 , 30 , 30
139 , 99 , 30 , 30
148 , 124 , 30 , 30
159 , 214 , 30 , 30
210 , 331 , 30 , 30
166 , 390 , -30 , 60
167 , 558 , -30 , 60
167 , 619 , -30 , 60
154 , 503 , -30 , 60
177 , 256 , 30 , 30
117 , 90 , 30 , 30
96 , 45 , 30 , 30
107 , 43 , 30 , 30
86 , 44 , 30 , 30
120 , 43 , 30 , 30
144 , 43 , 30 , 30
163 , 43 , 30 , 30
169 , 42 , 30 , 30
202 , 43 , 30 , 30
193 , 43 , 30 , 30
220 , 43 , 30 , 30
217 , 44 , 30 , 30
214 , 44 , 30 , 30
208 , 44 , 30 , 30
207 , 44 , 30 , 30
195 , 42 , 30 , 30
151 , 42 , 30 , 30
128 , 41 , 30 , 30
131 , 41 , 30 , 30
112 , 43 , 30 , 30
144 , 43 , 30 , 30
179 , 43 , 30 , 30
132 , 43 , 30 , 30
191 , 43 , 30 , 30
185 , 43 , 30 , 30
164 , 43 , 30 , 30
145 , 44 , 30 , 30
159 , 44 , 30 , 30
149 , 44 , 30 , 30
164 , 45 , 30 , 30
165 , 55 , 30 , 30
160 , 106 , 30 , 30
139 , 197 , 30 , 30
116 , 233 , 30 , 30
126 , 354 , -30 , 60
113 , 539 , -30 , 60
130 , 567 , -30 , 60
97 , 570 , -30 , 60
102 , 422 , -30 , 60
158 , 294 , 30 , 30
131 , 179 , 30 , 30
119 , 105 , 30 , 30
81 , 53 , 30 , 30
99 , 48 , 30 , 30
121 , 46 , 30 , 30
99 , 44 , 30 , 30
136 , 43 , 30 , 30
147 , 42 , 30 , 30
155 , 41 , 30 , 30
169 , 44 , 30 , 30
135 , 41 , 30 , 30
171 , 43 , 30 , 30
183 , 43 , 30 , 30
215 , 45 , 30 , 30
254 , 44 , 30 , 30
375 , 45 , 60 , -30
371 , 44 , 60 , -30
398 , 45 , 60 , -30
406 , 44 , 60 , -30
388 , 45 , 60 , -30
349 , 45 , 30 , 30
322 , 45 , 30 , 30
249 , 45 , 30 , 30
165 , 44 , 30 , 30
175 , 44 , 30 , 30
207 , 43 , 30 , 30
190 , 44 , 30 , 30
169 , 44 , 30 , 30
153 , 43 , 30 , 30
146 , 42 , 30 , 30
86 , 42 , 30 , 30
91 , 43 , 30 , 30
106 , 42 , 30 , 30
116 , 43 , 30 , 30
129 , 44 , 30 , 30
139 , 44 , 30 , 30
142 , 43 , 30 , 30
155 , 42 , 30 , 30
196 , 42 , 30 , 30
195 , 41 , 30 , 30
217 , 42 , 30 , 30
212 , 44 , 30 , 30
211 , 43 , 30 , 30
256 , 43 , 30 , 30
181 , 44 , 30 , 30
144 , 43 , 30 , 30
182 , 43 , 30 , 30
183 , 42 , 30 , 30
144 , 44 , 30 , 30
208 , 43 , 30 , 30
205 , 43 , 30 , 30
206 , 44 , 30 , 30
220 , 46 , 30 , 30
190 , 47 , 30 , 30
193 , 50 , 30 , 30
185 , 52 , 30 , 30
207 , 117 , 30 , 30
180 , 165 , 30 , 30
159 , 160 , 30 , 30
139 , 282 , 30 , 30
121 , 370 , -30 , 60
112 , 518 , -30 , 60
141 , 587 , -30 , 60
121 , 591 , -30 , 60
180 , 389 , -30 , 60
176 , 242 , 30 , 30
156 , 59 , 30 , 30
142 , 43 , 30 , 30
113 , 42 , 30 , 30
110 , 42 , 30 , 30
81 , 41 , 30 , 30
68 , 41 , 30 , 30
109 , 42 , 30 , 30
84 , 42 , 30 , 30
119 , 43 , 30 , 30
177 , 42 , 30 , 30
218 , 41 , 30 , 30
243 , 41 , 30 , 30
338 , 40 , 30 , 30
349 , 40 , 30 , 30
382 , 41 , 60 , -30
373 , 42 , 60 , -30
361 , 42 , 60 , -30
330 , 41 , 30 , 30
214 , 41 , 30 , 30
142 , 41 , 30 , 30
130 , 41 , 30 , 30
138 , 42 , 30 , 30
171 , 41 , 30 , 30
139 , 41 , 30 , 30
122 , 41 , 30 , 30
105 , 42 , 30 , 30
110 , 43 , 30 , 30
157 , 42 , 30 , 30
242 , 43 , 30 , 30
238 , 42 , 30 , 30
254 , 42 , 30 , 30
286 , 42 , 30 , 30
263 , 41 , 30 , 30
302 , 42 , 30 , 30
281 , 41 , 30 , 30
222 , 41 , 30 , 30
131 , 41 , 30 , 30
99 , 41 , 30 , 30
90 , 42 , 30 , 30
104 , 42 , 30 , 30
78 , 42 , 30 , 30
82 , 42 , 30 , 30
65 , 44 , 30 , 30
70 , 43 , 30 , 30
78 , 42 , 30 , 30
61 , 45 , 30 , 30
54 , 48 , 30 , 30
60 , 82 , 30 , 30
73 , 204 , 30 , 30
53 , 274 , 30 , 30
53 , 477 , -30 , 60
72 , 553 , -30 , 60
85 , 574 , -30 , 60
78 , 594 , -30 , 60
84 , 571 , -30 , 60
119 , 582 , -30 , 60
68 , 434 , -30 , 60
61 , 211 , 30 , 30
56 , 53 , 30 , 30
53 , 44 , 30 , 30
72 , 42 , 30 , 30
121 , 46 , 30 , 30
125 , 42 , 30 , 30
130 , 43 , 30 , 30
155 , 43 , 30 , 30
139 , 43 , 30 , 30
122 , 42 , 30 , 30
112 , 42 , 30 , 30
147 , 44 , 30 , 30
142 , 43 , 30 , 30
111 , 42 , 30 , 30
96 , 45 , 30 , 30
109 , 42 , 30 , 30
53 , 41 , 30 , 30
49 , 41 , 30 , 30
185 , 41 , 30 , 30
96 , 42 , 30 , 30
98 , 41 , 30 , 30
95 , 41 , 30 , 30
123 , 42 , 30 , 30
119 , 42 , 30 , 30
173 , 44 , 30 , 30
138 , 45 , 30 , 30
146 , 44 , 30 , 30
137 , 61 , 30 , 30
155 , 49 , 30 , 30
132 , 79 , 30 , 30
144 , 175 , 30 , 30
154 , 272 , 30 , 30
143 , 345 , 30 , 30
104 , 563 , -30 , 60
87 , 571 , -30 , 60
54 , 588 , -30 , 60
51 , 585 , -30 , 60
54 , 568 , -30 , 60
63 , 556 , -30 , 60
71 , 435 , -30 , 60
113 , 275 , 30 , 30
178 , 359 , -30 , 60
190 , 65 , 30 , 30
145 , 49 , 30 , 30
95 , 45 , 30 , 30
128 , 43 , 30 , 30
118 , 42 , 30 , 30
204 , 41 , 30 , 30
144 , 41 , 30 , 30
154 , 42 , 30 , 30
132 , 41 , 30 , 30
143 , 42 , 30 , 30
166 , 43 , 30 , 30
159 , 42 , 30 , 30
179 , 41 , 30 , 30
262 , 41 , 30 , 30
372 , 41 , 60 , -30
348 , 42 , 30 , 30
382 , 43 , 60 , -30
374 , 42 , 60 , -30
373 , 44 , 60 , -30
333 , 42 , 30 , 30
295 , 42 , 30 , 30
237 , 42 , 30 , 30
199 , 42 , 30 , 30
213 , 43 , 30 , 30
191 , 42 , 30 , 30
175 , 42 , 30 , 30
133 , 42 , 30 , 30
162 , 42 , 30 , 30
181 , 42 , 30 , 30
215 , 41 , 30 , 30
169 , 40 , 30 , 30
148 , 40 , 30 , 30
145 , 39 , 30 , 30
138 , 41 , 30 , 30
167 , 42 , 30 , 30
198 , 44 , 30 , 30
179 , 44 , 30 , 30
191 , 46 , 30 , 30
207 , 48 , 30 , 30
142 , 90 , 30 , 30
124 , 227 , 30 , 30
98 , 547 , -30 , 60
93 , 589 , -30 , 60
60 , 564 , -30 , 60
47 , 530 , -30 , 60
52 , 548 , -30 , 60
88 , 584 , -30 , 60
154 , 588 , -30 , 60
82 , 592 , -30 , 60
175 , 632 , -30 , 60
135 , 621 , -30 , 60
114 , 587 , -30 , 60
81 , 590 , -30 , 60
71 , 566 , -30 , 60
61 , 509 , -30 , 60
69 , 167 , 30 , 30
128 , 48 , 30 , 30
101 , 42 , 30 , 30
107 , 42 , 30 , 30
142 , 43 , 30 , 30
135 , 42 , 30 , 30
168 , 42 , 30 , 30
153 , 42 , 30 , 30
137 , 42 , 30 , 30
116 , 42 , 30 , 30
120 , 41 , 30 , 30
118 , 40 , 30 , 30
127 , 41 , 30 , 30
160 , 41 , 30 , 30
205 , 42 , 30 , 30
212 , 41 , 30 , 30
223 , 41 , 30 , 30
194 , 40 , 30 , 30
160 , 41 , 30 , 30
189 , 41 , 30 , 30
107 , 42 , 30 , 30
95 , 43 , 30 , 30
120 , 42 , 30 , 30
99 , 41 , 30 , 30
85 , 40 , 30 , 30
57 , 39 , 30 , 30
50 , 38 , 30 , 30
51 , 40 , 30 , 30
73 , 41 , 30 , 30
76 , 42 , 30 , 30
77 , 42 , 30 , 30
89 , 42 , 30 , 30
93 , 41 , 30 , 30
130 , 42 , 30 , 30
134 , 42 , 30 , 30
144 , 43 , 30 , 30
129 , 46 , 30 , 30
94 , 51 , 30 , 30
94 , 119 , 30 , 30
102 , 147 , 30 , 30
105 , 240 , 30 , 30
76 , 261 , 30 , 30
113 , 355 , -30 , 60
99 , 532 , -30 , 60
55 , 551 , -30 , 60
56 , 569 , -30 , 60
74 , 378 , -30 , 60
137 , 238 , 30 , 30
129 , 96 , 30 , 30
160 , 51 , 30 , 30
152 , 45 , 30 , 30
143 , 43 , 30 , 30
161 , 43 , 30 , 30
160 , 42 , 30 , 30
155 , 42 , 30 , 30
136 , 41 , 30 , 30
143 , 41 , 30 , 30
136 , 40 , 30 , 30
144 , 40 , 30 , 30
126 , 40 , 30 , 30
111 , 40 , 30 , 30
101 , 40 , 30 , 30
138 , 40 , 30 , 30
110 , 40 , 30 , 30
115 , 40 , 30 , 30
120 , 41 , 30 , 30
111 , 41 , 30 , 30
117 , 42 , 30 , 30
115 , 43 , 30 , 30
128 , 43 , 30 , 30
132 , 43 , 30 , 30
120 , 43 , 30 , 30
154 , 44 , 30 , 30
139 , 44 , 30 , 30
147 , 44 , 30 , 30
124 , 44 , 30 , 30
147 , 44 , 30 , 30
147 , 47 , 30 , 30
167 , 65 , 30 , 30
154 , 69 , 30 , 30
163 , 110 , 30 , 30
141 , 162 , 30 , 30
116 , 238 , 30 , 30
110 , 308 , 30 , 30
97 , 332 , 30 , 30
105 , 429 , -30 , 60
102 , 635 , -30 , 60
128 , 639 , -30 , 60
145 , 627 , -30 , 60
143 , 615 , -30 , 60
154 , 398 , -30 , 60
160 , 285 , 30 , 30
163 , 150 , 30 , 30
173 , 54 , 30 , 30
132 , 46 , 30 , 30
162 , 43 , 30 , 30
178 , 42 , 30 , 30
184 , 42 , 30 , 30
173 , 43 , 30 , 30
145 , 44 , 30 , 30
138 , 46 , 30 , 30
118 , 49 , 30 , 30
118 , 50 , 30 , 30
112 , 52 , 30 , 30
128 , 51 , 30 , 30
163 , 57 , 30 , 30
177 , 58 , 30 , 30
183 , 121 , 30 , 30
191 , 149 , 30 , 30
189 , 181 , 30 , 30
151 , 165 , 30 , 30
112 , 258 , 30 , 30
57 , 306 , 30 , 30
69 , 480 , -30 , 60
91 , 595 , -30 , 60
92 , 612 , -30 , 60
73 , 588 , -30 , 60
98 , 531 , -30 , 60
155 , 302 , 30 , 30
144 , 187 , 30 , 30
194 , 88 , 30 , 30
219 , 55 , 30 , 30
208 , 55 , 30 , 30
189 , 55 , 30 , 30
192 , 61 , 30 , 30
189 , 52 , 30 , 30
137 , 50 , 30 , 30
138 , 47 , 30 , 30
112 , 48 , 30 , 30
104 , 48 , 30 , 30
104 , 48 , 30 , 30
89 , 49 , 30 , 30
89 , 49 , 30 , 30
144 , 50 , 30 , 30
96 , 123 , 30 , 30
119 , 52 , 30 , 30
135 , 49 , 30 , 30
99 , 54 , 30 , 30
121 , 51 , 30 , 30
143 , 50 , 30 , 30
118 , 85 , 30 , 30
103 , 70 , 30 , 30
108 , 107 , 30 , 30
156 , 148 , 30 , 30
78 , 157 , 30 , 30
81 , 239 , 30 , 30
89 , 69 , 30 , 30
85 , 102 , 30 , 30
90 , 95 , 30 , 30
89 , 107 , 30 , 30
102 , 159 , 30 , 30
112 , 116 , 30 , 30
171 , 123 , 30 , 30
185 , 43 , 30 , 30
207 , 46 , 30 , 30
387 , 44 , 60 , -30
606 , 44 , 60 , -30
652 , 45 , 60 , -30
643 , 44 , 60 , -30
678 , 43 , 60 , -30
682 , 43 , 60 , -30
675 , 42 , 60 , -30
658 , 43 , 60 , -30
725 , 43 , 60 , -30
674 , 43 , 60 , -30
657 , 44 , 60 , -30
565 , 45 , 60 , -30
442 , 46 , 60 , -30
277 , 49 , 30 , 30
129 , 52 , 30 , 30
107 , 49 , 30 , 30
126 , 146 , 30 , 30
116 , 212 , 30 , 30
115 , 316 , 30 , 30
152 , 366 , -30 , 60
169 , 477 , -30 , 60
164 , 502 , -30 , 60
147 , 350 , -30 , 60
182 , 269 , 30 , 30
196 , 155 , 30 , 30
184 , 50 , 30 , 30
182 , 47 , 30 , 30
178 , 45 , 30 , 30
177 , 47 , 30 , 30
210 , 45 , 30 , 30
297 , 45 , 30 , 30
363 , 44 , 60 , -30
401 , 44 , 60 , -30
426 , 43 , 60 , -30
413 , 45 , 60 , -30
405 , 44 , 60 , -30
342 , 44 , 30 , 30
181 , 41 , 30 , 30
219 , 41 , 30 , 30
164 , 42 , 30 , 30
175 , 43 , 30 , 30
177 , 44 , 30 , 30
198 , 43 , 30 , 30
185 , 43 , 30 , 30
162 , 44 , 30 , 30
163 , 43 , 30 , 30
205 , 43 , 30 , 30
192 , 42 , 30 , 30
222 , 43 , 30 , 30
312 , 43 , 30 , 30
383 , 44 , 60 , -30
427 , 44 , 60 , -30
428 , 42 , 60 , -30
419 , 42 , 60 , -30
393 , 42 , 60 , -30
397 , 44 , 60 , -30
351 , 43 , 60 , -30
212 , 42 , 30 , 30
185 , 43 , 30 , 30
180 , 43 , 30 , 30
184 , 45 , 30 , 30
192 , 45 , 30 , 30
212 , 44 , 30 , 30
216 , 45 , 30 , 30
213 , 43 , 30 , 30
242 , 43 , 30 , 30
267 , 43 , 30 , 30
383 , 45 , 60 , -30
431 , 46 , 60 , -30
477 , 47 , 60 , -30
502 , 44 , 60 , -30
505 , 44 , 60 , -30
491 , 45 , 60 , -30
476 , 46 , 60 , -30
430 , 45 , 60 , -30
365 , 47 , 60 , -30
296 , 46 , 30 , 30
267 , 47 , 30 , 30
235 , 53 , 30 , 30
221 , 48 , 30 , 30
197 , 47 , 30 , 30
205 , 46 , 30 , 30
216 , 48 , 30 , 30
265 , 50 , 30 , 30
336 , 51 , 30 , 30
467 , 47 , 60 , -30
514 , 49 , 60 , -30
565 , 51 , 60 , -30
644 , 53 , 60 , -30
687 , 46 , 60 , -30
677 , 46 , 60 , -30
687 , 44 , 60 , -30
689 , 43 , 60 , -30
689 , 43 , 60 , -30
687 , 44 , 60 , -30
671 , 46 , 60 , -30
691 , 46 , 60 , -30
675 , 45 , 60 , -30
660 , 46 , 60 , -30
643 , 47 , 60 , -30
632 , 44 , 60 , -30
625 , 44 , 60 , -30
646 , 45 , 60 , -30
733 , 45 , 60 , -30
704 , 44 , 60 , -30
680 , 45 , 60 , -30
687 , 46 , 60 , -30
709 , 43 , 60 , -30
676 , 46 , 60 , -30
667 , 46 , 60 , -30
582 , 45 , 60 , -30
481 , 46 , 60 , -30
393 , 44 , 60 , -30
280 , 46 , 30 , 30
224 , 46 , 30 , 30
211 , 44 , 30 , 30
273 , 46 , 30 , 30
235 , 51 , 30 , 30
214 , 51 , 30 , 30
184 , 47 , 30 , 30
191 , 54 , 30 , 30
175 , 54 , 30 , 30
239 , 57 , 30 , 30
182 , 61 , 30 , 30
156 , 51 , 30 , 30
158 , 48 , 30 , 30
161 , 47 , 30 , 30
150 , 46 , 30 , 30
120 , 45 , 30 , 30
145 , 44 , 30 , 30
138 , 43 , 30 , 30
129 , 43 , 30 , 30
77 , 42 , 30 , 30
59 , 43 , 30 , 30
110 , 42 , 30 , 30
120 , 42 , 30 , 30
141 , 41 , 30 , 30
152 , 40 , 30 , 30
222 , 40 , 30 , 30
352 , 41 , 60 , -30
354 , 42 , 60 , -30
366 , 43 , 60 , -30
378 , 43 , 60 , -30
360 , 45 , 60 , -30
147 , 44 , 30 , 30
204 , 46 , 30 , 30
182 , 44 , 30 , 30
190 , 44 , 30 , 30
187 , 42 , 30 , 30
196 , 43 , 30 , 30
189 , 42 , 30 , 30
185 , 41 , 30 , 30
219 , 42 , 30 , 30
242 , 43 , 30 , 30
255 , 43 , 30 , 30
216 , 42 , 30 , 30
190 , 41 , 30 , 30
242 , 41 , 30 , 30
246 , 42 , 30 , 30
217 , 43 , 30 , 30
189 , 43 , 30 , 30
157 , 44 , 30 , 30
215 , 43 , 30 , 30
278 , 43 , 30 , 30
308 , 44 , 30 , 30
333 , 45 , 30 , 30
337 , 46 , 30 , 30
349 , 44 , 30 , 30
339 , 46 , 30 , 30
296 , 44 , 30 , 30
307 , 44 , 30 , 30
268 , 43 , 30 , 30
181 , 43 , 30 , 30
177 , 43 , 30 , 30
175 , 44 , 30 , 30
208 , 45 , 30 , 30
222 , 44 , 30 , 30
233 , 45 , 30 , 30
256 , 44 , 30 , 30
211 , 44 , 30 , 30
204 , 44 , 30 , 30
180 , 44 , 30 , 30
186 , 44 , 30 , 30
177 , 47 , 30 , 30
160 , 68 , 30 , 30
149 , 113 , 30 , 30
143 , 201 , 30 , 30
185 , 287 , 30 , 30
189 , 353 , -30 , 60
219 , 556 , -30 , 60
249 , 602 , -30 , 60
236 , 626 , -30 , 60
190 , 592 , -30 , 60
150 , 348 , 30 , 30
113 , 170 , 30 , 30
86 , 53 , 30 , 30
102 , 49 , 30 , 30
144 , 51 , 30 , 30
149 , 56 , 30 , 30
151 , 54 , 30 , 30
179 , 55 , 30 , 30
184 , 57 , 30 , 30
169 , 67 , 30 , 30
192 , 62 , 30 , 30
169 , 65 , 30 , 30
156 , 99 , 30 , 30
148 , 115 , 30 , 30
144 , 164 , 30 , 30
119 , 203 , 30 , 30
142 , 253 , 30 , 30
112 , 290 , 30 , 30
133 , 362 , -30 , 60
138 , 413 , -30 , 60
133 , 488 , -30 , 60
127 , 536 , -30 , 60
151 , 403 , -30 , 60
161 , 347 , 30 , 30
178 , 311 , 30 , 30
198 , 291 , 30 , 30
202 , 272 , 30 , 30
194 , 264 , 30 , 30
201 , 284 , 30 , 30
202 , 328 , 30 , 30
221 , 366 , -30 , 60
205 , 409 , -30 , 60
175 , 607 , -30 , 60
125 , 585 , -30 , 60
129 , 473 , -30 , 60
160 , 329 , 30 , 30
198 , 257 , 30 , 30
199 , 164 , 30 , 30
201 , 82 , 30 , 30
195 , 76 , 30 , 30
184 , 102 , 30 , 30
175 , 137 , 30 , 30
173 , 141 , 30 , 30
180 , 200 , 30 , 30
180 , 207 , 30 , 30
173 , 272 , 30 , 30
175 , 324 , 30 , 30
160 , 454 , -30 , 60
150 , 584 , -30 , 60
151 , 596 , -30 , 60
126 , 584 , -30 , 60
126 , 593 , -30 , 60
132 , 574 , -30 , 60
144 , 463 , -30 , 60
144 , 349 , 30 , 30
128 , 216 , 30 , 30
131 , 97 , 30 , 30
134 , 49 , 30 , 30
142 , 45 , 30 , 30
141 , 44 , 30 , 30
140 , 43 , 30 , 30
146 , 44 , 30 , 30
176 , 45 , 30 , 30
175 , 45 , 30 , 30
190 , 44 , 30 , 30
201 , 44 , 30 , 30
196 , 45 , 30 , 30
191 , 46 , 30 , 30
193 , 48 , 30 , 30
148 , 50 , 30 , 30
144 , 55 , 30 , 30
120 , 124 , 30 , 30
134 , 226 , 30 , 30
150 , 323 , 30 , 30
210 , 554 , -30 , 60
250 , 611 , -30 , 60
230 , 610 , -30 , 60
118 , 597 , -30 , 60
102 , 579 , -30 , 60
113 , 597 , -30 , 60
137 , 592 , -30 , 60
140 , 599 , -30 , 60
188 , 510 , -30 , 60
191 , 338 , 30 , 30
190 , 253 , 30 , 30
202 , 202 , 30 , 30
178 , 72 , 30 , 30
189 , 61 , 30 , 30
144 , 50 , 30 , 30
150 , 51 , 30 , 30
153 , 54 , 30 , 30
154 , 92 , 30 , 30
197 , 158 , 30 , 30
197 , 268 , 30 , 30
180 , 321 , 30 , 30
165 , 453 , -30 , 60
159 , 591 , -30 , 60
151 , 634 , -30 , 60
136 , 626 , -30 , 60
120 , 632 , -30 , 60
140 , 594 , -30 , 60
136 , 569 , -30 , 60
146 , 360 , -30 , 60
172 , 285 , 30 , 30
187 , 169 , 30 , 30
202 , 77 , 30 , 30
211 , 60 , 30 , 30
235 , 55 , 30 , 30
206 , 52 , 30 , 30
207 , 52 , 30 , 30
208 , 51 , 30 , 30
203 , 47 , 30 , 30
195 , 47 , 30 , 30
162 , 48 , 30 , 30
148 , 49 , 30 , 30
128 , 54 , 30 , 30
130 , 107 , 30 , 30
134 , 174 , 30 , 30
117 , 221 , 30 , 30
120 , 314 , 30 , 30
123 , 480 , -30 , 60
114 , 580 , -30 , 60
119 , 585 , -30 , 60
97 , 569 , -30 , 60
130 , 598 , -30 , 60
282 , 549 , -30 , 60
189 , 186 , 30 , 30
98 , 205 , 30 , 30
147 , 180 , 30 , 30
116 , 85 , 30 , 30
110 , 64 , 30 , 30
89 , 52 , 30 , 30
63 , 49 , 30 , 30
64 , 93 , 30 , 30
85 , 59 , 30 , 30
95 , 72 , 30 , 30
113 , 78 , 30 , 30
123 , 65 , 30 , 30
133 , 55 , 30 , 30
121 , 55 , 30 , 30
148 , 54 , 30 , 30
148 , 61 , 30 , 30
159 , 101 , 30 , 30
159 , 82 , 30 , 30
163 , 79 , 30 , 30
162 , 113 , 30 , 30
188 , 107 , 30 , 30
178 , 128 , 30 , 30
163 , 137 , 30 , 30
158 , 155 , 30 , 30
167 , 172 , 30 , 30
163 , 246 , 30 , 30
155 , 258 , 30 , 30
167 , 305 , 30 , 30
142 , 372 , -30 , 60
230 , 464 , -30 , 60
324 , 629 , -30 , 60
207 , 637 , -30 , 60
181 , 530 , -30 , 60
195 , 373 , -30 , 60
188 , 342 , 30 , 30
215 , 324 , 30 , 30
207 , 272 , 30 , 30
189 , 251 , 30 , 30
213 , 319 , 30 , 30
203 , 354 , -30 , 60
191 , 509 , -30 , 60
193 , 584 , -30 , 60
178 , 617 , -30 , 60
173 , 561 , -30 , 60
167 , 402 , -30 , 60
172 , 327 , 30 , 30
184 , 264 , 30 , 30
182 , 219 , 30 , 30
198 , 189 , 30 , 30
215 , 250 , 30 , 30
217 , 305 , 30 , 30
196 , 350 , -30 , 60
190 , 518 , -30 , 60
222 , 612 , -30 , 60
180 , 597 , -30 , 60
199 , 589 , -30 , 60
149 , 476 , -30 , 60
136 , 321 , 30 , 30
166 , 236 , 30 , 30
203 , 178 , 30 , 30
206 , 169 , 30 , 30
209 , 211 , 30 , 30
204 , 283 , 30 , 30
215 , 359 , -30 , 60
231 , 498 , -30 , 60
243 , 601 , -30 , 60
180 , 599 , -30 , 60
189 , 466 , -30 , 60
179 , 339 , 30 , 30
152 , 247 , 30 , 30
113 , 197 , 30 , 30
87 , 146 , 30 , 30
86 , 167 , 30 , 30
101 , 224 , 30 , 30
123 , 284 , 30 , 30
124 , 446 , -30 , 60
154 , 603 , -30 , 60
172 , 623 , -30 , 60
277 , 623 , -30 , 60
168 , 620 , -30 , 60
160 , 587 , -30 , 60
147 , 483 , -30 , 60
144 , 328 , 30 , 30
123 , 227 , 30 , 30
122 , 154 , 30 , 30
132 , 160 , 30 , 30
107 , 201 , 30 , 30
84 , 279 , 30 , 30
101 , 296 , 30 , 30
130 , 357 , -30 , 60
112 , 459 , -30 , 60
138 , 604 , -30 , 60
161 , 616 , -30 , 60
168 , 492 , -30 , 60
167 , 354 , -30 , 60
176 , 291 , 30 , 30
165 , 192 , 30 , 30
138 , 86 , 30 , 30
147 , 54 , 30 , 30
130 , 55 , 30 , 30
119 , 84 , 30 , 30
117 , 164 , 30 , 30
129 , 195 , 30 , 30
130 , 304 , 30 , 30
94 , 353 , -30 , 60
122 , 554 , -30 , 60
146 , 618 , -30 , 60
172 , 623 , -30 , 60
176 , 602 , -30 , 60
180 , 625 , -30 , 60
183 , 532 , -30 , 60
158 , 409 , -30 , 60
131 , 321 , 30 , 30
130 , 252 , 30 , 30
157 , 262 , 30 , 30
166 , 257 , 30 , 30
181 , 292 , 30 , 30
194 , 411 , -30 , 60
179 , 389 , -30 , 60
170 , 459 , -30 , 60
143 , 412 , -30 , 60
140 , 310 , 30 , 30
142 , 241 , 30 , 30
118 , 163 , 30 , 30
113 , 117 , 30 , 30
140 , 124 , 30 , 30
134 , 98 , 30 , 30
119 , 136 , 30 , 30
117 , 251 , 30 , 30
146 , 338 , 30 , 30
142 , 430 , -30 , 60
110 , 603 , -30 , 60
125 , 595 , -30 , 60
143 , 593 , -30 , 60
160 , 603 , -30 , 60
173 , 441 , -30 , 60
170 , 331 , 30 , 30
188 , 261 , 30 , 30
192 , 176 , 30 , 30
176 , 91 , 30 , 30
177 , 118 , 30 , 30
159 , 114 , 30 , 30
147 , 151 , 30 , 30
130 , 168 , 30 , 30
140 , 189 , 30 , 30
165 , 253 , 30 , 30
161 , 277 , 30 , 30
162 , 309 , 30 , 30
178 , 390 , -30 , 60
202 , 582 , -30 , 60
214 , 640 , -30 , 60
210 , 617 , -30 , 60
208 , 594 , -30 , 60
232 , 410 , -30 , 60
221 , 338 , 30 , 30
214 , 270 , 30 , 30
213 , 239 , 30 , 30
218 , 225 , 30 , 30
201 , 245 , 30 , 30
219 , 295 , 30 , 30
207 , 337 , 30 , 30
202 , 365 , -30 , 60
207 , 476 , -30 , 60
187 , 582 , -30 , 60
190 , 592 , -30 , 60
192 , 457 , -30 , 60
197 , 358 , -30 , 60
162 , 301 , 30 , 30
115 , 241 , 30 , 30
105 , 192 , 30 , 30
118 , 205 , 30 , 30
134 , 267 , 30 , 30
139 , 331 , 30 , 30
126 , 370 , -30 , 60
135 , 556 , -30 , 60
130 , 642 , -30 , 60
159 , 605 , -30 , 60
157 , 620 , -30 , 60
151 , 629 , -30 , 60
137 , 556 , -30 , 60
133 , 338 , 30 , 30
129 , 282 , 30 , 30
134 , 220 , 30 , 30
132 , 221 , 30 , 30
150 , 250 , 30 , 30
142 , 288 , 30 , 30
147 , 398 , -30 , 60
152 , 518 , -30 , 60
150 , 610 , -30 , 60
167 , 615 , -30 , 60
202 , 549 , -30 , 60
212 , 415 , -30 , 60
189 , 339 , 30 , 30
158 , 269 , 30 , 30
163 , 229 , 30 , 30
160 , 200 , 30 , 30
163 , 240 , 30 , 30
168 , 270 , 30 , 30
167 , 392 , -30 , 60
158 , 543 , -30 , 60
166 , 583 , -30 , 60
157 , 606 , -30 , 60
161 , 609 , -30 , 60
170 , 589 , -30 , 60
141 , 522 , -30 , 60
125 , 405 , -30 , 60
123 , 334 , 30 , 30
116 , 294 , 30 , 30
120 , 258 , 30 , 30
132 , 268 , 30 , 30
142 , 310 , 30 , 30
141 , 360 , -30 , 60
185 , 493 , -30 , 60
177 , 617 , -30 , 60
155 , 614 , -30 , 60
162 , 536 , -30 , 60
143 , 385 , -30 , 60
103 , 295 , 30 , 30
112 , 245 , 30 , 30
133 , 194 , 30 , 30
135 , 168 , 30 , 30
161 , 179 , 30 , 30
152 , 214 , 30 , 30
183 , 361 , -30 , 60
191 , 387 , -30 , 60
178 , 574 , -30 , 60
186 , 579 , -30 , 60
182 , 432 , -30 , 60
196 , 273 , 30 , 30
155 , 205 , 30 , 30
138 , 160 , 30 , 30
121 , 122 , 30 , 30
124 , 178 , 30 , 30
142 , 245 , 30 , 30
108 , 361 , -30 , 60
136 , 508 , -30 , 60
133 , 558 , -30 , 60
140 , 573 , -30 , 60
144 , 476 , -30 , 60
163 , 360 , -30 , 60
143 , 304 , 30 , 30
129 , 219 , 30 , 30
115 , 150 , 30 , 30
102 , 135 , 30 , 30
102 , 185 , 30 , 30
94 , 214 , 30 , 30
82 , 193 , 30 , 30
85 , 381 , -30 , 60
95 , 259 , 30 , 30
100 , 372 , -30 , 60
193 , 422 , -30 , 60
171 , 378 , -30 , 60
115 , 379 , -30 , 60
134 , 308 , 30 , 30
135 , 156 , 30 , 30
142 , 136 , 30 , 30
123 , 106 , 30 , 30
113 , 153 , 30 , 30
97 , 299 , 30 , 30
95 , 235 , 30 , 30
110 , 249 , 30 , 30
113 , 296 , 30 , 30
114 , 333 , 30 , 30
133 , 428 , -30 , 60
150 , 584 , -30 , 60
153 , 643 , -30 , 60
169 , 621 , -30 , 60
180 , 430 , -30 , 60
182 , 361 , -30 , 60
152 , 279 , 30 , 30
132 , 187 , 30 , 30
116 , 110 , 30 , 30
88 , 85 , 30 , 30
85 , 148 , 30 , 30
76 , 190 , 30 , 30
77 , 215 , 30 , 30
109 , 232 , 30 , 30
123 , 254 , 30 , 30
134 , 297 , 30 , 30
139 , 315 , 30 , 30
159 , 375 , -30 , 60
169 , 483 , -30 , 60
190 , 553 , -30 , 60
193 , 505 , -30 , 60
208 , 372 , -30 , 60
218 , 319 , 30 , 30
202 , 206 , 30 , 30
191 , 144 , 30 , 30
165 , 90 , 30 , 30
152 , 75 , 30 , 30
147 , 109 , 30 , 30
128 , 122 , 30 , 30
140 , 124 , 30 , 30
110 , 160 , 30 , 30
115 , 173 , 30 , 30
129 , 243 , 30 , 30
132 , 215 , 30 , 30
128 , 245 , 30 , 30
135 , 284 , 30 , 30
145 , 333 , 30 , 30
157 , 380 , -30 , 60
161 , 501 , -30 , 60
178 , 587 , -30 , 60
198 , 569 , -30 , 60
221 , 416 , -30 , 60
226 , 384 , -30 , 60
208 , 310 , 30 , 30
212 , 256 , 30 , 30
200 , 207 , 30 , 30
173 , 202 , 30 , 30
190 , 266 , 30 , 30
184 , 309 , 30 , 30
180 , 355 , -30 , 60
176 , 443 , -30 , 60
183 , 609 , -30 , 60
204 , 625 , -30 , 60
239 , 449 , -30 , 60
345 , 375 , -30 , 60
232 , 308 , 30 , 30
237 , 244 , 30 , 30
245 , 184 , 30 , 30
227 , 138 , 30 , 30
240 , 183 , 30 , 30
268 , 283 , 30 , 30
244 , 403 , -30 , 60
241 , 351 , -30 , 60
287 , 522 , -30 , 60
275 , 546 , -30 , 60
282 , 373 , -30 , 60
295 , 345 , 30 , 30
289 , 239 , 30 , 30
255 , 171 , 30 , 30
245 , 118 , 30 , 30
249 , 98 , 30 , 30
229 , 159 , 30 , 30
165 , 208 , 30 , 30
142 , 277 , 30 , 30
143 , 374 , -30 , 60
120 , 553 , -30 , 60
111 , 588 , -30 , 60
92 , 559 , -30 , 60
108 , 595 , -30 , 60
132 , 522 , -30 , 60
139 , 329 , 30 , 30
141 , 248 , 30 , 30
145 , 123 , 30 , 30
145 , 58 , 30 , 30
156 , 56 , 30 , 30
133 , 54 , 30 , 30
143 , 71 , 30 , 30
112 , 126 , 30 , 30
98 , 179 , 30 , 30
119 , 279 , 30 , 30
86 , 389 , -30 , 60
91 , 570 , -30 , 60
87 , 560 , -30 , 60
92 , 638 , -30 , 60
137 , 591 , -30 , 60
144 , 582 , -30 , 60
124 , 424 , -30 , 60
135 , 238 , 30 , 30
119 , 63 , 30 , 30
99 , 44 , 30 , 30
142 , 45 , 30 , 30
134 , 44 , 30 , 30
104 , 44 , 30 , 30
134 , 46 , 30 , 30
118 , 49 , 30 , 30
155 , 74 , 30 , 30
141 , 165 , 30 , 30
149 , 257 , 30 , 30
157 , 375 , -30 , 60
161 , 614 , -30 , 60
169 , 610 , -30 , 60
140 , 613 , -30 , 60
129 , 590 , -30 , 60
120 , 612 , -30 , 60
96 , 443 , -30 , 60
121 , 317 , 30 , 30
145 , 208 , 30 , 30
173 , 71 , 30 , 30
176 , 52 , 30 , 30
185 , 47 , 30 , 30
182 , 46 , 30 , 30
164 , 46 , 30 , 30
141 , 49 , 30 , 30
135 , 57 , 30 , 30
124 , 122 , 30 , 30
168 , 207 , 30 , 30
207 , 278 , 30 , 30
168 , 301 , 30 , 30
164 , 359 , -30 , 60
124 , 565 , -30 , 60
108 , 593 , -30 , 60
115 , 635 , -30 , 60
126 , 596 , -30 , 60
174 , 481 , -30 , 60
222 , 360 , -30 , 60
222 , 263 , 30 , 30
228 , 136 , 30 , 30
208 , 50 , 30 , 30
191 , 46 , 30 , 30
178 , 44 , 30 , 30
164 , 44 , 30 , 30
161 , 45 , 30 , 30
171 , 45 , 30 , 30
154 , 44 , 30 , 30
147 , 47 , 30 , 30
147 , 67 , 30 , 30
170 , 133 , 30 , 30
169 , 219 , 30 , 30
181 , 310 , 30 , 30
197 , 390 , -30 , 60
216 , 441 , -30 , 60
235 , 624 , -30 , 60
224 , 632 , -30 , 60
229 , 405 , -30 , 60
205 , 313 , 30 , 30
167 , 235 , 30 , 30
193 , 145 , 30 , 30
198 , 77 , 30 , 30
234 , 61 , 30 , 30
245 , 60 , 30 , 30
249 , 58 , 30 , 30
228 , 55 , 30 , 30
257 , 55 , 30 , 30
256 , 60 , 30 , 30
233 , 54 , 30 , 30
231 , 81 , 30 , 30
211 , 86 , 30 , 30
213 , 117 , 30 , 30
208 , 108 , 30 , 30
202 , 171 , 30 , 30
223 , 236 , 30 , 30
211 , 283 , 30 , 30
208 , 332 , 30 , 30
207 , 341 , 30 , 30
197 , 403 , -30 , 60
226 , 502 , -30 , 60
220 , 492 , -30 , 60
232 , 365 , -30 , 60
237 , 289 , 30 , 30
204 , 127 , 30 , 30
203 , 49 , 30 , 30
218 , 45 , 30 , 30
185 , 43 , 30 , 30
183 , 42 , 30 , 30
185 , 43 , 30 , 30
237 , 43 , 30 , 30
246 , 43 , 30 , 30
238 , 44 , 30 , 30
251 , 45 , 30 , 30
269 , 45 , 30 , 30
280 , 46 , 30 , 30
301 , 46 , 30 , 30
322 , 46 , 30 , 30
349 , 46 , 30 , 30
381 , 46 , 60 , -30
392 , 45 , 60 , -30
374 , 43 , 60 , -30
334 , 43 , 30 , 30
267 , 43 , 30 , 30
231 , 43 , 30 , 30
239 , 43 , 30 , 30
230 , 43 , 30 , 30
247 , 43 , 30 , 30
266 , 44 , 30 , 30
306 , 43 , 30 , 30
338 , 42 , 30 , 30
350 , 42 , 60 , -30
357 , 42 , 60 , -30
347 , 43 , 30 , 30
278 , 42 , 30 , 30
188 , 42 , 30 , 30
185 , 42 , 30 , 30
193 , 42 , 30 , 30
203 , 43 , 30 , 30
191 , 43 , 30 , 30
168 , 44 , 30 , 30
194 , 43 , 30 , 30
190 , 43 , 30 , 30
203 , 44 , 30 , 30
204 , 44 , 30 , 30
221 , 45 , 30 , 30
224 , 43 , 30 , 30
223 , 44 , 30 , 30
208 , 44 , 30 , 30
160 , 43 , 30 , 30
157 , 42 , 30 , 30
129 , 42 , 30 , 30
122 , 42 , 30 , 30
142 , 43 , 30 , 30
156 , 43 , 30 , 30
171 , 43 , 30 , 30
164 , 43 , 30 , 30
195 , 45 , 30 , 30
195 , 47 , 30 , 30
224 , 48 , 30 , 30
187 , 46 , 30 , 30
200 , 49 , 30 , 30
202 , 54 , 30 , 30
200 , 60 , 30 , 30
219 , 76 , 30 , 30
207 , 99 , 30 , 30
215 , 89 , 30 , 30
225 , 127 , 30 , 30
205 , 201 , 30 , 30
184 , 230 , 30 , 30
187 , 284 , 30 , 30
206 , 302 , 30 , 30
215 , 358 , -30 , 60
203 , 366 , -30 , 60
204 , 460 , -30 , 60
166 , 392 , -30 , 60
159 , 302 , 30 , 30
185 , 161 , 30 , 30
129 , 51 , 30 , 30
124 , 44 , 30 , 30
113 , 51 , 30 , 30
82 , 41 , 30 , 30
66 , 42 , 30 , 30
129 , 43 , 30 , 30
145 , 43 , 30 , 30
145 , 45 , 30 , 30
168 , 46 , 30 , 30
211 , 52 , 30 , 30
218 , 123 , 30 , 30
217 , 293 , 30 , 30
201 , 506 , -30 , 60
223 , 600 , -30 , 60
181 , 576 , -30 , 60
138 , 602 , -30 , 60
157 , 568 , -30 , 60
142 , 585 , -30 , 60
124 , 434 , -30 , 60
130 , 274 , 30 , 30
158 , 164 , 30 , 30
186 , 54 , 30 , 30
240 , 47 , 30 , 30
196 , 46 , 30 , 30
214 , 45 , 30 , 30
204 , 45 , 30 , 30
180 , 45 , 30 , 30
173 , 44 , 30 , 30
155 , 43 , 30 , 30
193 , 42 , 30 , 30
151 , 41 , 30 , 30
157 , 41 , 30 , 30
192 , 42 , 30 , 30
182 , 43 , 30 , 30
228 , 44 , 30 , 30
222 , 45 , 30 , 30
200 , 47 , 30 , 30
179 , 45 , 30 , 30
165 , 44 , 30 , 30
195 , 43 , 30 , 30
290 , 42 , 30 , 30
366 , 43 , 60 , -30
363 , 45 , 60 , -30
391 , 45 , 60 , -30
371 , 43 , 60 , -30
353 , 43 , 60 , -30
344 , 44 , 30 , 30
251 , 44 , 30 , 30
128 , 44 , 30 , 30
136 , 44 , 30 , 30
119 , 43 , 30 , 30
115 , 43 , 30 , 30
120 , 42 , 30 , 30
122 , 42 , 30 , 30
125 , 42 , 30 , 30
153 , 43 , 30 , 30
167 , 44 , 30 , 30
233 , 45 , 30 , 30
216 , 44 , 30 , 30
192 , 47 , 30 , 30
172 , 45 , 30 , 30
158 , 44 , 30 , 30
163 , 44 , 30 , 30
139 , 43 , 30 , 30
85 , 43 , 30 , 30
62 , 42 , 30 , 30
97 , 42 , 30 , 30
131 , 41 , 30 , 30
138 , 41 , 30 , 30
132 , 42 , 30 , 30
152 , 42 , 30 , 30
170 , 42 , 30 , 30
170 , 42 , 30 , 30
158 , 43 , 30 , 30
147 , 42 , 30 , 30
143 , 42 , 30 , 30
215 , 42 , 30 , 30
269 , 41 , 30 , 30
322 , 40 , 30 , 30
332 , 40 , 30 , 30
320 , 40 , 30 , 30
320 , 40 , 30 , 30
371 , 41 , 60 , -30
436 , 41 , 60 , -30
467 , 42 , 60 , -30
456 , 41 , 60 , -30
445 , 41 , 60 , -30
354 , 42 , 60 , -30
298 , 42 , 30 , 30
244 , 40 , 30 , 30
100 , 40 , 30 , 30
103 , 40 , 30 , 30
109 , 41 , 30 , 30
123 , 41 , 30 , 30
128 , 42 , 30 , 30
121 , 43 , 30 , 30
112 , 43 , 30 , 30
160 , 44 , 30 , 30
132 , 44 , 30 , 30
149 , 46 , 30 , 30
160 , 47 , 30 , 30
163 , 45 , 30 , 30
128 , 44 , 30 , 30
122 , 44 , 30 , 30
112 , 43 , 30 , 30
123 , 44 , 30 , 30
108 , 43 , 30 , 30
127 , 42 , 30 , 30
126 , 42 , 30 , 30
124 , 42 , 30 , 30
137 , 43 , 30 , 30
139 , 43 , 30 , 30
138 , 42 , 30 , 30
125 , 41 , 30 , 30
117 , 41 , 30 , 30
117 , 41 , 30 , 30
134 , 42 , 30 , 30
157 , 42 , 30 , 30
174 , 42 , 30 , 30
155 , 45 , 30 , 30
149 , 49 , 30 , 30
124 , 84 , 30 , 30
72 , 102 , 30 , 30
89 , 120 , 30 , 30
119 , 190 , 30 , 30
126 , 254 , 30 , 30
139 , 254 , 30 , 30
176 , 259 , 30 , 30
204 , 343 , 30 , 30
146 , 479 , -30 , 60
144 , 570 , -30 , 60
138 , 660 , -30 , 60
157 , 701 , -30 , 60
82 , 375 , -30 , 60
88 , 222 , 30 , 30
84 , 80 , 30 , 30
89 , 46 , 30 , 30
112 , 45 , 30 , 30
142 , 46 , 30 , 30
149 , 43 , 30 , 30
159 , 42 , 30 , 30
187 , 44 , 30 , 30
272 , 43 , 30 , 30
135 , 42 , 30 , 30
140 , 41 , 30 , 30
142 , 40 , 30 , 30
177 , 41 , 30 , 30
162 , 41 , 30 , 30
91 , 46 , 30 , 30
110 , 41 , 30 , 30
97 , 40 , 30 , 30
101 , 40 , 30 , 30
87 , 39 , 30 , 30
75 , 39 , 30 , 30
99 , 40 , 30 , 30
77 , 40 , 30 , 30
63 , 39 , 30 , 30
57 , 40 , 30 , 30
51 , 41 , 30 , 30
56 , 46 , 30 , 30
78 , 41 , 30 , 30
121 , 43 , 30 , 30
133 , 44 , 30 , 30
103 , 46 , 30 , 30
97 , 50 , 30 , 30
107 , 52 , 30 , 30
123 , 61 , 30 , 30
105 , 107 , 30 , 30
91 , 132 , 30 , 30
102 , 79 , 30 , 30
94 , 155 , 30 , 30
72 , 161 , 30 , 30
63 , 207 , 30 , 30
90 , 194 , 30 , 30
101 , 210 , 30 , 30
112 , 222 , 30 , 30
99 , 197 , 30 , 30
112 , 216 , 30 , 30
137 , 222 , 30 , 30
134 , 193 , 30 , 30
160 , 218 , 30 , 30
158 , 176 , 30 , 30
139 , 203 , 30 , 30
136 , 248 , 30 , 30
136 , 232 , 30 , 30
139 , 238 , 30 , 30
144 , 279 , 30 , 30
149 , 353 , -30 , 60
140 , 483 , -30 , 60
150 , 601 , -30 , 60
142 , 521 , -30 , 60
97 , 299 , 30 , 30
105 , 188 , 30 , 30
95 , 75 , 30 , 30
113 , 48 , 30 , 30
166 , 47 , 30 , 30
171 , 44 , 30 , 30
176 , 44 , 30 , 30
162 , 43 , 30 , 30
135 , 43 , 30 , 30
103 , 41 , 30 , 30
128 , 41 , 30 , 30
112 , 41 , 30 , 30
136 , 41 , 30 , 30
125 , 42 , 30 , 30
152 , 42 , 30 , 30
140 , 45 , 30 , 30
178 , 43 , 30 , 30
354 , 42 , 60 , -30
484 , 41 , 60 , -30
617 , 42 , 60 , -30
651 , 41 , 60 , -30
657 , 41 , 60 , -30
664 , 41 , 60 , -30
660 , 40 , 60 , -30
663 , 41 , 60 , -30
675 , 42 , 60 , -30
660 , 41 , 60 , -30
670 , 43 , 60 , -30
670 , 42 , 60 , -30
656 , 44 , 60 , -30
629 , 43 , 60 , -30
557 , 44 , 60 , -30
436 , 44 , 60 , -30
234 , 43 , 30 , 30
192 , 43 , 30 , 30
173 , 49 , 30 , 30
208 , 123 , 30 , 30
191 , 185 , 30 , 30
219 , 351 , -30 , 60
226 , 426 , -30 , 60
206 , 432 , -30 , 60
181 , 371 , -30 , 60
174 , 275 , 30 , 30
179 , 175 , 30 , 30
166 , 104 , 30 , 30
164 , 52 , 30 , 30
168 , 55 , 30 , 30
182 , 47 , 30 , 30
183 , 46 , 30 , 30
222 , 45 , 30 , 30
227 , 43 , 30 , 30
233 , 44 , 30 , 30
237 , 44 , 30 , 30
305 , 44 , 30 , 30
378 , 45 , 60 , -30
376 , 44 , 60 , -30
442 , 47 , 60 , -30
420 , 42 , 60 , -30
442 , 42 , 60 , -30
427 , 42 , 60 , -30
251 , 43 , 30 , 30
183 , 43 , 30 , 30
136 , 41 , 30 , 30
117 , 42 , 30 , 30
106 , 43 , 30 , 30
125 , 43 , 30 , 30
140 , 43 , 30 , 30
139 , 44 , 30 , 30
180 , 43 , 30 , 30
164 , 42 , 30 , 30
168 , 42 , 30 , 30
141 , 45 , 30 , 30
123 , 45 , 30 , 30
147 , 44 , 30 , 30
212 , 44 , 30 , 30
252 , 44 , 30 , 30
240 , 43 , 30 , 30
164 , 43 , 30 , 30
130 , 43 , 30 , 30
160 , 44 , 30 , 30
181 , 44 , 30 , 30
175 , 43 , 30 , 30
208 , 43 , 30 , 30
292 , 42 , 30 , 30
331 , 42 , 30 , 30
365 , 42 , 60 , -30
397 , 43 , 60 , -30
428 , 42 , 60 , -30
426 , 42 , 60 , -30
438 , 43 , 60 , -30
424 , 44 , 60 , -30
349 , 43 , 30 , 30
324 , 43 , 30 , 30
178 , 42 , 30 , 30
149 , 43 , 30 , 30
142 , 44 , 30 , 30
147 , 44 , 30 , 30
161 , 44 , 30 , 30
153 , 44 , 30 , 30
144 , 43 , 30 , 30
135 , 43 , 30 , 30
167 , 44 , 30 , 30
171 , 42 , 30 , 30
180 , 42 , 30 , 30
181 , 41 , 30 , 30
200 , 42 , 30 , 30
233 , 42 , 30 , 30
237 , 43 , 30 , 30
330 , 44 , 30 , 30
363 , 46 , 60 , -30
370 , 50 , 60 , -30
364 , 47 , 60 , -30
345 , 45 , 30 , 30
341 , 47 , 30 , 30
264 , 47 , 30 , 30
183 , 47 , 30 , 30
193 , 46 , 30 , 30
171 , 48 , 30 , 30
186 , 46 , 30 , 30
215 , 44 , 30 , 30
237 , 44 , 30 , 30
255 , 44 , 30 , 30
252 , 44 , 30 , 30
214 , 43 , 30 , 30
150 , 42 , 30 , 30
160 , 41 , 30 , 30
131 , 41 , 30 , 30
157 , 42 , 30 , 30
171 , 42 , 30 , 30
180 , 43 , 30 , 30
180 , 44 , 30 , 30
161 , 45 , 30 , 30
154 , 44 , 30 , 30
154 , 43 , 30 , 30
166 , 42 , 30 , 30
174 , 44 , 30 , 30
175 , 42 , 30 , 30
171 , 42 , 30 , 30
166 , 41 , 30 , 30
138 , 42 , 30 , 30
137 , 43 , 30 , 30
101 , 42 , 30 , 30
125 , 42 , 30 , 30
100 , 42 , 30 , 30
127 , 42 , 30 , 30
130 , 42 , 30 , 30
108 , 44 , 30 , 30
124 , 44 , 30 , 30
135 , 45 , 30 , 30
167 , 51 , 30 , 30
144 , 62 , 30 , 30
149 , 82 , 30 , 30
154 , 113 , 30 , 30
180 , 240 , 30 , 30
195 , 237 , 30 , 30
206 , 337 , 30 , 30
208 , 329 , 30 , 30
187 , 383 , -30 , 60
192 , 516 , -30 , 60
181 , 556 , -30 , 60
136 , 487 , -30 , 60
162 , 301 , 30 , 30
173 , 211 , 30 , 30
188 , 88 , 30 , 30
194 , 50 , 30 , 30
172 , 50 , 30 , 30
126 , 45 , 30 , 30
111 , 45 , 30 , 30
99 , 45 , 30 , 30
82 , 44 , 30 , 30
111 , 44 , 30 , 30
136 , 45 , 30 , 30
153 , 43 , 30 , 30
156 , 42 , 30 , 30
181 , 42 , 30 , 30
280 , 42 , 30 , 30
366 , 42 , 60 , -30
387 , 42 , 60 , -30
393 , 42 , 60 , -30
376 , 42 , 60 , -30
348 , 42 , 30 , 30
232 , 42 , 30 , 30
185 , 42 , 30 , 30
191 , 43 , 30 , 30
187 , 44 , 30 , 30
182 , 44 , 30 , 30
206 , 45 , 30 , 30
261 , 46 , 30 , 30
329 , 45 , 30 , 30
388 , 45 , 60 , -30
409 , 46 , 60 , -30
408 , 45 , 60 , -30
399 , 44 , 60 , -30
321 , 44 , 30 , 30
227 , 45 , 30 , 30
205 , 43 , 30 , 30
192 , 43 , 30 , 30
198 , 43 , 30 , 30
209 , 43 , 30 , 30
226 , 44 , 30 , 30
238 , 47 , 30 , 30
127 , 48 , 30 , 30
127 , 45 , 30 , 30
208 , 43 , 30 , 30
157 , 41 , 30 , 30
144 , 40 , 30 , 30
196 , 41 , 30 , 30
171 , 41 , 30 , 30
119 , 42 , 30 , 30
110 , 43 , 30 , 30
128 , 44 , 30 , 30
147 , 53 , 30 , 30
181 , 71 , 30 , 30
199 , 119 , 30 , 30
192 , 139 , 30 , 30
197 , 194 , 30 , 30
141 , 251 , 30 , 30
97 , 421 , -30 , 60
110 , 595 , -30 , 60
88 , 602 , -30 , 60
71 , 596 , -30 , 60
112 , 432 , -30 , 60
161 , 629 , -30 , 60
154 , 487 , -30 , 60
172 , 266 , 30 , 30
188 , 174 , 30 , 30
189 , 58 , 30 , 30
164 , 48 , 30 , 30
157 , 48 , 30 , 30
184 , 46 , 30 , 30
164 , 45 , 30 , 30
168 , 45 , 30 , 30
195 , 46 , 30 , 30
195 , 46 , 30 , 30
185 , 45 , 30 , 30
199 , 46 , 30 , 30
202 , 47 , 30 , 30
211 , 47 , 30 , 30
225 , 49 , 30 , 30
223 , 47 , 30 , 30
216 , 44 , 30 , 30
226 , 44 , 30 , 30
202 , 43 , 30 , 30
172 , 43 , 30 , 30
152 , 42 , 30 , 30
154 , 42 , 30 , 30
139 , 42 , 30 , 30
126 , 43 , 30 , 30
150 , 44 , 30 , 30
146 , 44 , 30 , 30
144 , 43 , 30 , 30
177 , 43 , 30 , 30
146 , 45 , 30 , 30
171 , 49 , 30 , 30
186 , 57 , 30 , 30
225 , 83 , 30 , 30
185 , 116 , 30 , 30
168 , 188 , 30 , 30
168 , 245 , 30 , 30
138 , 298 , 30 , 30
148 , 287 , 30 , 30
106 , 282 , 30 , 30
116 , 277 , 30 , 30
108 , 275 , 30 , 30
122 , 297 , 30 , 30
141 , 278 , 30 , 30
174 , 303 , 30 , 30
197 , 311 , 30 , 30
206 , 314 , 30 , 30
205 , 335 , 30 , 30
210 , 344 , 30 , 30
220 , 345 , 30 , 30
217 , 352 , -30 , 60
209 , 364 , -30 , 60
208 , 364 , -30 , 60
202 , 322 , 30 , 30
194 , 239 , 30 , 30
190 , 154 , 30 , 30
169 , 102 , 30 , 30
146 , 82 , 30 , 30
137 , 105 , 30 , 30
122 , 118 , 30 , 30
132 , 136 , 30 , 30
158 , 155 , 30 , 30
190 , 179 , 30 , 30
190 , 214 , 30 , 30
188 , 237 , 30 , 30
201 , 276 , 30 , 30
200 , 293 , 30 , 30
209 , 305 , 30 , 30
213 , 328 , 30 , 30
203 , 341 , 30 , 30
207 , 372 , -30 , 60
201 , 391 , -30 , 60
220 , 410 , -30 , 60
179 , 376 , -30 , 60
193 , 352 , -30 , 60
182 , 234 , 30 , 30
155 , 151 , 30 , 30
166 , 107 , 30 , 30
167 , 60 , 30 , 30
166 , 55 , 30 , 30
198 , 54 , 30 , 30
184 , 57 , 30 , 30
194 , 64 , 30 , 30
180 , 72 , 30 , 30
173 , 73 , 30 , 30
160 , 103 , 30 , 30
140 , 116 , 30 , 30
150 , 195 , 30 , 30
135 , 221 , 30 , 30
135 , 260 , 30 , 30
111 , 317 , 30 , 30
115 , 399 , -30 , 60
118 , 569 , -30 , 60
181 , 587 , -30 , 60
292 , 600 , -30 , 60
517 , 730 , 60 , -30
624 , 757 , 60 , -30
672 , 353 , 60 , -30
680 , 399 , 60 , -30
688 , 398 , 60 , -30
699 , 799 , 60 , -30
689 , 684 , 60 , -30
681 , 620 , 60 , -30
693 , 580 , 60 , -30
691 , 626 , 60 , -30
698 , 662 , 60 , -30
693 , 645 , 60 , -30
686 , 438 , 60 , -30
689 , 178 , 60 , -30
696 , 66 , 60 , -30
705 , 54 , 60 , -30
689 , 54 , 60 , -30
663 , 47 , 60 , -30
626 , 48 , 60 , -30
559 , 46 , 60 , -30
495 , 50 , 60 , -30
382 , 65 , 60 , -30
259 , 147 , 30 , 30
203 , 176 , 30 , 30
214 , 303 , 30 , 30
260 , 472 , -30 , 60
220 , 584 , -30 , 60
210 , 601 , -30 , 60
203 , 605 , -30 , 60
209 , 612 , -30 , 60
216 , 580 , -30 , 60
204 , 450 , -30 , 60
204 , 344 , 30 , 30
220 , 319 , 30 , 30
200 , 271 , 30 , 30
207 , 265 , 30 , 30
213 , 176 , 30 , 30
232 , 135 , 30 , 30
243 , 63 , 30 , 30
236 , 53 , 30 , 30
263 , 48 , 30 , 30
273 , 46 , 30 , 30
297 , 45 , 30 , 30
392 , 44 , 60 , -30
438 , 45 , 60 , -30
469 , 44 , 60 , -30
486 , 45 , 60 , -30
491 , 44 , 60 , -30
485 , 45 , 60 , -30
455 , 44 , 60 , -30
413 , 45 , 60 , -30
288 , 45 , 30 , 30
243 , 45 , 30 , 30
238 , 48 , 30 , 30
251 , 55 , 30 , 30
236 , 61 , 30 , 30
229 , 94 , 30 , 30
238 , 98 , 30 , 30
216 , 72 , 30 , 30
223 , 55 , 30 , 30
201 , 51 , 30 , 30
187 , 49 , 30 , 30
184 , 48 , 30 , 30
154 , 45 , 30 , 30
118 , 43 , 30 , 30
142 , 41 , 30 , 30
138 , 42 , 30 , 30
142 , 41 , 30 , 30
143 , 42 , 30 , 30
151 , 42 , 30 , 30
257 , 43 , 30 , 30
162 , 42 , 30 , 30
187 , 43 , 30 , 30
187 , 44 , 30 , 30
187 , 43 , 30 , 30
195 , 43 , 30 , 30
194 , 43 , 30 , 30
207 , 43 , 30 , 30
209 , 44 , 30 , 30
215 , 44 , 30 , 30
172 , 44 , 30 , 30
154 , 43 , 30 , 30
156 , 42 , 30 , 30
139 , 42 , 30 , 30
152 , 42 , 30 , 30
130 , 41 , 30 , 30
155 , 41 , 30 , 30
144 , 42 , 30 , 30
99 , 43 , 30 , 30
118 , 42 , 30 , 30
136 , 43 , 30 , 30
131 , 44 , 30 , 30
148 , 45 , 30 , 30
152 , 44 , 30 , 30
169 , 44 , 30 , 30
185 , 43 , 30 , 30
175 , 44 , 30 , 30
178 , 44 , 30 , 30
152 , 44 , 30 , 30
117 , 44 , 30 , 30
134 , 44 , 30 , 30
112 , 42 , 30 , 30
107 , 44 , 30 , 30
119 , 42 , 30 , 30
185 , 44 , 30 , 30
203 , 44 , 30 , 30
193 , 44 , 30 , 30
186 , 44 , 30 , 30
188 , 44 , 30 , 30
200 , 43 , 30 , 30
153 , 42 , 30 , 30
183 , 43 , 30 , 30
130 , 43 , 30 , 30
226 , 43 , 30 , 30
141 , 42 , 30 , 30
138 , 41 , 30 , 30
138 , 42 , 30 , 30
131 , 43 , 30 , 30
131 , 44 , 30 , 30
141 , 43 , 30 , 30
173 , 43 , 30 , 30
174 , 43 , 30 , 30
191 , 43 , 30 , 30
224 , 43 , 30 , 30
188 , 43 , 30 , 30
205 , 42 , 30 , 30
189 , 42 , 30 , 30
204 , 42 , 30 , 30
193 , 43 , 30 , 30
204 , 42 , 30 , 30
209 , 41 , 30 , 30
200 , 42 , 30 , 30
186 , 42 , 30 , 30
182 , 42 , 30 , 30
188 , 41 , 30 , 30
139 , 41 , 30 , 30
172 , 40 , 30 , 30
146 , 42 , 30 , 30
158 , 43 , 30 , 30
151 , 46 , 30 , 30
141 , 41 , 30 , 30
171 , 45 , 30 , 30
163 , 42 , 30 , 30
156 , 42 , 30 , 30
184 , 42 , 30 , 30
192 , 42 , 30 , 30
183 , 44 , 30 , 30
162 , 43 , 30 , 30
178 , 43 , 30 , 30
203 , 43 , 30 , 30
179 , 42 , 30 , 30
178 , 44 , 30 , 30
174 , 43 , 30 , 30
164 , 42 , 30 , 30
162 , 42 , 30 , 30
156 , 42 , 30 , 30
103 , 42 , 30 , 30
89 , 41 , 30 , 30
88 , 41 , 30 , 30
91 , 41 , 30 , 30
102 , 42 , 30 , 30
110 , 42 , 30 , 30
146 , 42 , 30 , 30
158 , 42 , 30 , 30
158 , 42 , 30 , 30
171 , 43 , 30 , 30
198 , 44 , 30 , 30
195 , 44 , 30 , 30
171 , 43 , 30 , 30
158 , 44 , 30 , 30
144 , 43 , 30 , 30
159 , 45 , 30 , 30
179 , 45 , 30 , 30
153 , 45 , 30 , 30
166 , 46 , 30 , 30
176 , 44 , 30 , 30
169 , 43 , 30 , 30
165 , 42 , 30 , 30
165 , 42 , 30 , 30
178 , 42 , 30 , 30
189 , 41 , 30 , 30
171 , 43 , 30 , 30
188 , 42 , 30 , 30
219 , 42 , 30 , 30
214 , 43 , 30 , 30
195 , 43 , 30 , 30
202 , 43 , 30 , 30
243 , 43 , 30 , 30
201 , 42 , 30 , 30
176 , 46 , 30 , 30
163 , 46 , 30 , 30
188 , 46 , 30 , 30
152 , 44 , 30 , 30
159 , 43 , 30 , 30
169 , 42 , 30 , 30
178 , 42 , 30 , 30
206 , 42 , 30 , 30
170 , 42 , 30 , 30
178 , 42 , 30 , 30
171 , 42 , 30 , 30
169 , 42 , 30 , 30
158 , 42 , 30 , 30
191 , 41 , 30 , 30
197 , 43 , 30 , 30
224 , 43 , 30 , 30
190 , 43 , 30 , 30
258 , 43 , 30 , 30
212 , 43 , 30 , 30
212 , 44 , 30 , 30
202 , 44 , 30 , 30
226 , 44 , 30 , 30
215 , 43 , 30 , 30
200 , 43 , 30 , 30
204 , 43 , 30 , 30
201 , 44 , 30 , 30
187 , 43 , 30 , 30
172 , 43 , 30 , 30
163 , 43 , 30 , 30
158 , 43 , 30 , 30
144 , 43 , 30 , 30
130 , 42 , 30 , 30
138 , 42 , 30 , 30
152 , 43 , 30 , 30
147 , 44 , 30 , 30
152 , 44 , 30 , 30
177 , 43 , 30 , 30
191 , 44 , 30 , 30
211 , 44 , 30 , 30
196 , 43 , 30 , 30
206 , 44 , 30 , 30
181 , 44 , 30 , 30
187 , 44 , 30 , 30
236 , 45 , 30 , 30
240 , 47 , 30 , 30
213 , 45 , 30 , 30
202 , 45 , 30 , 30
188 , 44 , 30 , 30
170 , 44 , 30 , 30
165 , 43 , 30 , 30
160 , 42 , 30 , 30
153 , 42 , 30 , 30
158 , 41 , 30 , 30
138 , 41 , 30 , 30
138 , 41 , 30 , 30
153 , 42 , 30 , 30
166 , 42 , 30 , 30
185 , 43 , 30 , 30
262 , 44 , 30 , 30
